sample,bin_size,PC_pair,TH,RMSE
sample_1_ref_4_8,0.1,"1,2",-1,0.704182242146133
sample_1_ref_4_8,0.1,"1,3",-1,0.3008345236970827
sample_1_ref_4_8,0.1,"1,4",-1,0.4864724630597275
sample_1_ref_4_8,0.1,"1,5",-1,0.39850771954252545
sample_1_ref_4_8,0.1,"1,6",-1,0.3918104804956866
sample_1_ref_4_8,0.1,"2,3",-1,0.8632710864874878
sample_1_ref_4_8,0.1,"2,4",-1,0.31777300497021926
sample_1_ref_4_8,0.1,"2,5",-1,0.47565425426738
sample_1_ref_4_8,0.1,"2,6",-1,0.2652147357341438
sample_1_ref_4_8,0.1,"3,4",-1,0.7407867909792074
sample_1_ref_4_8,0.1,"3,5",-1,0.6844964558526644
sample_1_ref_4_8,0.1,"3,6",-1,0.5474733863033832
sample_1_ref_4_8,0.1,"4,5",-1,0.3658881043819448
sample_1_ref_4_8,0.1,"4,6",-1,0.257198376065641
sample_1_ref_4_8,0.1,"5,6",-1,0.35975399442011935
sample_1_ref_4_8,0.2,"1,2",-1,0.692266748777881
sample_1_ref_4_8,0.2,"1,3",-1,0.27993293871701097
sample_1_ref_4_8,0.2,"1,4",-1,0.5110107301470028
sample_1_ref_4_8,0.2,"1,5",-1,0.42702982263519573
sample_1_ref_4_8,0.2,"1,6",-1,0.43113249061315606
sample_1_ref_4_8,0.2,"2,3",-1,0.8402954541019658
sample_1_ref_4_8,0.2,"2,4",-1,0.4496602180489719
sample_1_ref_4_8,0.2,"2,5",-1,0.45628248023974294
sample_1_ref_4_8,0.2,"2,6",-1,0.4070047822209438
sample_1_ref_4_8,0.2,"3,4",-1,0.6409584069501487
sample_1_ref_4_8,0.2,"3,5",-1,0.6448987201673317
sample_1_ref_4_8,0.2,"3,6",-1,0.5864305680750184
sample_1_ref_4_8,0.2,"4,5",-1,0.3273486984988623
sample_1_ref_4_8,0.2,"4,6",-1,0.2296597024828019
sample_1_ref_4_8,0.2,"5,6",-1,0.288604656545702
sample_1_ref_4_8,0.3,"1,2",-1,0.7054482913975173
sample_1_ref_4_8,0.3,"1,3",-1,0.385757877618135
sample_1_ref_4_8,0.3,"1,4",-1,0.4008670414904341
sample_1_ref_4_8,0.3,"1,5",-1,0.5417575184987421
sample_1_ref_4_8,0.3,"1,6",-1,0.5471934340774466
sample_1_ref_4_8,0.3,"2,3",-1,0.8273856570736241
sample_1_ref_4_8,0.3,"2,4",-1,0.6777379456143654
sample_1_ref_4_8,0.3,"2,5",-1,0.45488371197625277
sample_1_ref_4_8,0.3,"2,6",-1,0.5010320390012991
sample_1_ref_4_8,0.3,"3,4",-1,0.22874705056024336
sample_1_ref_4_8,0.3,"3,5",-1,0.5964804115786357
sample_1_ref_4_8,0.3,"3,6",-1,0.5687426776307363
sample_1_ref_4_8,0.3,"4,5",-1,0.8289245318491075
sample_1_ref_4_8,0.3,"4,6",-1,0.7468747571140811
sample_1_ref_4_8,0.3,"5,6",-1,0.34209070505960026
sample_1_ref_4_8,0.4,"1,2",-1,0.1543259013297475
sample_1_ref_4_8,0.4,"1,3",-1,0.3045235554131409
sample_1_ref_4_8,0.4,"1,4",-1,0.29511769172864244
sample_1_ref_4_8,0.4,"1,5",-1,0.45091348804763387
sample_1_ref_4_8,0.4,"1,6",-1,0.3704222499135545
sample_1_ref_4_8,0.4,"2,3",-1,0.22313958667023837
sample_1_ref_4_8,0.4,"2,4",-1,0.4778575777768827
sample_1_ref_4_8,0.4,"2,5",-1,0.6601250017550633
sample_1_ref_4_8,0.4,"2,6",-1,0.5313334181181117
sample_1_ref_4_8,0.4,"3,4",-1,0.2733233730030413
sample_1_ref_4_8,0.4,"3,5",-1,0.5068327169058202
sample_1_ref_4_8,0.4,"3,6",-1,0.4395754589241072
sample_1_ref_4_8,0.4,"4,5",-1,0.7428245021081545
sample_1_ref_4_8,0.4,"4,6",-1,0.5684795993249536
sample_1_ref_4_8,0.4,"5,6",-1,0.6182097761533756
sample_1_ref_4_8,0.5,"1,2",-1,0.7477198904284595
sample_1_ref_4_8,0.5,"1,3",-1,0.6751508521091715
sample_1_ref_4_8,0.5,"1,4",-1,0.5567262398867082
sample_1_ref_4_8,0.5,"1,5",-1,0.4927527670008405
sample_1_ref_4_8,0.5,"1,6",-1,0.4921282050255751
sample_1_ref_4_8,0.5,"2,3",-1,0.3423401755940891
sample_1_ref_4_8,0.5,"2,4",-1,0.6581197196033504
sample_1_ref_4_8,0.5,"2,5",-1,0.762900163432355
sample_1_ref_4_8,0.5,"2,6",-1,0.7601892033661624
sample_1_ref_4_8,0.5,"3,4",-1,0.4622008654155162
sample_1_ref_4_8,0.5,"3,5",-1,0.6848302463340865
sample_1_ref_4_8,0.5,"3,6",-1,0.6567823191631428
sample_1_ref_4_8,0.5,"4,5",-1,0.7769407918488037
sample_1_ref_4_8,0.5,"4,6",-1,0.7353171602718578
sample_1_ref_4_8,0.5,"5,6",-1,0.5183661848674713
sample_1_ref_4_8,0.6,"1,2",-1,0.21731899503645702
sample_1_ref_4_8,0.6,"1,3",-1,0.39831120329482067
sample_1_ref_4_8,0.6,"1,4",-1,0.47608154161710464
sample_1_ref_4_8,0.6,"1,5",-1,0.5706850685308466
sample_1_ref_4_8,0.6,"1,6",-1,0.5067865560476973
sample_1_ref_4_8,0.6,"2,3",-1,0.36474376701115957
sample_1_ref_4_8,0.6,"2,4",-1,0.6019940832378202
sample_1_ref_4_8,0.6,"2,5",-1,0.5562641729011016
sample_1_ref_4_8,0.6,"2,6",-1,0.6193787640107241
sample_1_ref_4_8,0.6,"3,4",-1,0.3353430841640467
sample_1_ref_4_8,0.6,"3,5",-1,0.3725188039291302
sample_1_ref_4_8,0.6,"3,6",-1,0.35671445299580207
sample_1_ref_4_8,0.6,"4,5",-1,0.46619957150413693
sample_1_ref_4_8,0.6,"4,6",-1,0.5378150585995611
sample_1_ref_4_8,0.6,"5,6",-1,0.5980561484902349
sample_1_ref_4_8,0.7,"1,2",-1,0.1925329042034606
sample_1_ref_4_8,0.7,"1,3",-1,0.23186298218257073
sample_1_ref_4_8,0.7,"1,4",-1,0.3751072936019163
sample_1_ref_4_8,0.7,"1,5",-1,0.46457775707465787
sample_1_ref_4_8,0.7,"1,6",-1,0.4198695852727304
sample_1_ref_4_8,0.7,"2,3",-1,0.2557463828705157
sample_1_ref_4_8,0.7,"2,4",-1,0.43703979004957955
sample_1_ref_4_8,0.7,"2,5",-1,0.3989236136301499
sample_1_ref_4_8,0.7,"2,6",-1,0.4516102939225266
sample_1_ref_4_8,0.7,"3,4",-1,0.3496589105389911
sample_1_ref_4_8,0.7,"3,5",-1,0.35262878609405307
sample_1_ref_4_8,0.7,"3,6",-1,0.44961564175927216
sample_1_ref_4_8,0.7,"4,5",-1,0.59099859586208
sample_1_ref_4_8,0.7,"4,6",-1,0.7388101916817698
sample_1_ref_4_8,0.7,"5,6",-1,0.6764404433619123
sample_1_ref_4_8,0.8,"1,2",-1,0.18240360585657986
sample_1_ref_4_8,0.8,"1,3",-1,0.24044020332483695
sample_1_ref_4_8,0.8,"1,4",-1,0.2590900863206691
sample_1_ref_4_8,0.8,"1,5",-1,0.3699354915397399
sample_1_ref_4_8,0.8,"1,6",-1,0.3834827380610979
sample_1_ref_4_8,0.8,"2,3",-1,0.2123703440976009
sample_1_ref_4_8,0.8,"2,4",-1,0.4990497624437704
sample_1_ref_4_8,0.8,"2,5",-1,0.49405683865247535
sample_1_ref_4_8,0.8,"2,6",-1,0.5150947907500941
sample_1_ref_4_8,0.8,"3,4",-1,0.4480857895477009
sample_1_ref_4_8,0.8,"3,5",-1,0.5100341403514548
sample_1_ref_4_8,0.8,"3,6",-1,0.537507068715353
sample_1_ref_4_8,0.8,"4,5",-1,0.6283766783677985
sample_1_ref_4_8,0.8,"4,6",-1,0.5726958521243971
sample_1_ref_4_8,0.8,"5,6",-1,0.7759422931126501
sample_1_ref_4_8,0.9,"1,2",-1,0.807991361549134
sample_1_ref_4_8,0.9,"1,3",-1,0.3628576275837241
sample_1_ref_4_8,0.9,"1,4",-1,0.5011735472227399
sample_1_ref_4_8,0.9,"1,5",-1,0.5776107717767084
sample_1_ref_4_8,0.9,"1,6",-1,0.5113780592975264
sample_1_ref_4_8,0.9,"2,3",-1,0.8490188941767408
sample_1_ref_4_8,0.9,"2,4",-1,0.6291406164571562
sample_1_ref_4_8,0.9,"2,5",-1,0.5776552420854209
sample_1_ref_4_8,0.9,"2,6",-1,0.6111210111641314
sample_1_ref_4_8,0.9,"3,4",-1,0.47077821503367745
sample_1_ref_4_8,0.9,"3,5",-1,0.5645466117271278
sample_1_ref_4_8,0.9,"3,6",-1,0.5396608731997312
sample_1_ref_4_8,0.9,"4,5",-1,0.6130526319931434
sample_1_ref_4_8,0.9,"4,6",-1,0.5956461303750438
sample_1_ref_4_8,0.9,"5,6",-1,0.7870784001132963
sample_1_ref_4_8,1.0,"1,2",-1,0.29091245854454134
sample_1_ref_4_8,1.0,"1,3",-1,0.4916029227367387
sample_1_ref_4_8,1.0,"1,4",-1,0.5004555099534151
sample_1_ref_4_8,1.0,"1,5",-1,0.5693541903023239
sample_1_ref_4_8,1.0,"1,6",-1,0.5590929267466656
sample_1_ref_4_8,1.0,"2,3",-1,0.4362895511196371
sample_1_ref_4_8,1.0,"2,4",-1,0.7548648583524228
sample_1_ref_4_8,1.0,"2,5",-1,0.7315305150182225
sample_1_ref_4_8,1.0,"2,6",-1,0.7291432564283487
sample_1_ref_4_8,1.0,"3,4",-1,0.634377930431639
sample_1_ref_4_8,1.0,"3,5",-1,0.7046294977882571
sample_1_ref_4_8,1.0,"3,6",-1,0.7227129419450917
sample_1_ref_4_8,1.0,"4,5",-1,0.5685388586115537
sample_1_ref_4_8,1.0,"4,6",-1,0.6870522492522464
sample_1_ref_4_8,1.0,"5,6",-1,0.7593842192052892
sample_1_ref_4_8,1.1,"1,2",-1,0.24613891900036908
sample_1_ref_4_8,1.1,"1,3",-1,0.33559015455432545
sample_1_ref_4_8,1.1,"1,4",-1,0.29307902761146526
sample_1_ref_4_8,1.1,"1,5",-1,0.35752639930403607
sample_1_ref_4_8,1.1,"1,6",-1,0.3429472049182426
sample_1_ref_4_8,1.1,"2,3",-1,0.3140439993776053
sample_1_ref_4_8,1.1,"2,4",-1,0.5723089022533192
sample_1_ref_4_8,1.1,"2,5",-1,0.5419279553294543
sample_1_ref_4_8,1.1,"2,6",-1,0.626785596081183
sample_1_ref_4_8,1.1,"3,4",-1,0.450418079230487
sample_1_ref_4_8,1.1,"3,5",-1,0.6594796288266374
sample_1_ref_4_8,1.1,"3,6",-1,0.5805374075931504
sample_1_ref_4_8,1.1,"4,5",-1,0.5749906196987036
sample_1_ref_4_8,1.1,"4,6",-1,0.6798078739897985
sample_1_ref_4_8,1.1,"5,6",-1,0.7585410340491144
sample_1_ref_4_8,1.2,"1,2",-1,0.6854043010872231
sample_1_ref_4_8,1.2,"1,3",-1,0.5944031829747367
sample_1_ref_4_8,1.2,"1,4",-1,0.5752914057587816
sample_1_ref_4_8,1.2,"1,5",-1,0.4303370066130119
sample_1_ref_4_8,1.2,"1,6",-1,0.5418756631745566
sample_1_ref_4_8,1.2,"2,3",-1,0.37935016880091493
sample_1_ref_4_8,1.2,"2,4",-1,0.7321021916182927
sample_1_ref_4_8,1.2,"2,5",-1,0.8154470854323216
sample_1_ref_4_8,1.2,"2,6",-1,0.7395530152412744
sample_1_ref_4_8,1.2,"3,4",-1,0.6014082518431743
sample_1_ref_4_8,1.2,"3,5",-1,0.7398298672753889
sample_1_ref_4_8,1.2,"3,6",-1,0.6201706373996247
sample_1_ref_4_8,1.2,"4,5",-1,0.7443476606523417
sample_1_ref_4_8,1.2,"4,6",-1,0.7174659991192734
sample_1_ref_4_8,1.2,"5,6",-1,0.8658588439846466
sample_1_ref_4_8,1.3,"1,2",-1,0.7453451208456875
sample_1_ref_4_8,1.3,"1,3",-1,0.6258608989251253
sample_1_ref_4_8,1.3,"1,4",-1,0.5635412464574664
sample_1_ref_4_8,1.3,"1,5",-1,0.5658176605678197
sample_1_ref_4_8,1.3,"1,6",-1,0.5558568328323431
sample_1_ref_4_8,1.3,"2,3",-1,0.381371933854035
sample_1_ref_4_8,1.3,"2,4",-1,0.7116265237852321
sample_1_ref_4_8,1.3,"2,5",-1,0.7626432986913607
sample_1_ref_4_8,1.3,"2,6",-1,0.7828456034495865
sample_1_ref_4_8,1.3,"3,4",-1,0.6772884033524881
sample_1_ref_4_8,1.3,"3,5",-1,0.6741774237425003
sample_1_ref_4_8,1.3,"3,6",-1,0.6189446785615415
sample_1_ref_4_8,1.3,"4,5",-1,0.8032145210494533
sample_1_ref_4_8,1.3,"4,6",-1,0.8519950255940932
sample_1_ref_4_8,1.3,"5,6",-1,0.7962487138189224
sample_1_ref_4_8,1.4,"1,2",-1,0.4788914296943656
sample_1_ref_4_8,1.4,"1,3",-1,0.5432411322662967
sample_1_ref_4_8,1.4,"1,4",-1,0.5801605400687224
sample_1_ref_4_8,1.4,"1,5",-1,0.6138215955702901
sample_1_ref_4_8,1.4,"1,6",-1,0.5599010304846634
sample_1_ref_4_8,1.4,"2,3",-1,0.48543974301901327
sample_1_ref_4_8,1.4,"2,4",-1,0.7583408642245764
sample_1_ref_4_8,1.4,"2,5",-1,0.8605979475580605
sample_1_ref_4_8,1.4,"2,6",-1,0.7290520043564076
sample_1_ref_4_8,1.4,"3,4",-1,0.7844299940235465
sample_1_ref_4_8,1.4,"3,5",-1,0.862844289805402
sample_1_ref_4_8,1.4,"3,6",-1,0.8221819646070744
sample_1_ref_4_8,1.4,"4,5",-1,0.7053639052757121
sample_1_ref_4_8,1.4,"4,6",-1,0.7770423539146922
sample_1_ref_4_8,1.4,"5,6",-1,0.8129442168995485
sample_1_ref_4_8,1.5,"1,2",-1,0.37599412558441564
sample_1_ref_4_8,1.5,"1,3",-1,0.7594855657591905
sample_1_ref_4_8,1.5,"1,4",-1,0.6943695936836192
sample_1_ref_4_8,1.5,"1,5",-1,0.6480066221300806
sample_1_ref_4_8,1.5,"1,6",-1,0.6644748284201313
sample_1_ref_4_8,1.5,"2,3",-1,0.8024949419859797
sample_1_ref_4_8,1.5,"2,4",-1,0.6509027300209015
sample_1_ref_4_8,1.5,"2,5",-1,0.6830063895757379
sample_1_ref_4_8,1.5,"2,6",-1,0.7190963812374177
sample_1_ref_4_8,1.5,"3,4",-1,0.6872903928585304
sample_1_ref_4_8,1.5,"3,5",-1,0.6834034605750329
sample_1_ref_4_8,1.5,"3,6",-1,0.589317702711888
sample_1_ref_4_8,1.5,"4,5",-1,0.690024190385526
sample_1_ref_4_8,1.5,"4,6",-1,0.8387950029665492
sample_1_ref_4_8,1.5,"5,6",-1,0.8634586796502699
sample_1_ref_4_8,1.6,"1,2",-1,0.36710819854668325
sample_1_ref_4_8,1.6,"1,3",-1,0.30711221318838333
sample_1_ref_4_8,1.6,"1,4",-1,0.43571218678227214
sample_1_ref_4_8,1.6,"1,5",-1,0.36504765587432336
sample_1_ref_4_8,1.6,"1,6",-1,0.36012038150980913
sample_1_ref_4_8,1.6,"2,3",-1,0.6909068002908034
sample_1_ref_4_8,1.6,"2,4",-1,0.6176322376139474
sample_1_ref_4_8,1.6,"2,5",-1,0.7565865555093594
sample_1_ref_4_8,1.6,"2,6",-1,0.7321423069436801
sample_1_ref_4_8,1.6,"3,4",-1,0.5484510847460614
sample_1_ref_4_8,1.6,"3,5",-1,0.6501352800423114
sample_1_ref_4_8,1.6,"3,6",-1,0.6841902873897686
sample_1_ref_4_8,1.6,"4,5",-1,0.81517065628323
sample_1_ref_4_8,1.6,"4,6",-1,0.8016308440868556
sample_1_ref_4_8,1.6,"5,6",-1,0.7385193937745519
sample_1_ref_4_8,1.7,"1,2",-1,0.47001531293946863
sample_1_ref_4_8,1.7,"1,3",-1,0.5057890241960415
sample_1_ref_4_8,1.7,"1,4",-1,0.49639248622953247
sample_1_ref_4_8,1.7,"1,5",-1,0.5313908212875204
sample_1_ref_4_8,1.7,"1,6",-1,0.5872831513867919
sample_1_ref_4_8,1.7,"2,3",-1,0.5958592464042064
sample_1_ref_4_8,1.7,"2,4",-1,0.7642564219207865
sample_1_ref_4_8,1.7,"2,5",-1,0.754329390906023
sample_1_ref_4_8,1.7,"2,6",-1,0.7439271139102573
sample_1_ref_4_8,1.7,"3,4",-1,0.6547356750587999
sample_1_ref_4_8,1.7,"3,5",-1,0.7974475505087661
sample_1_ref_4_8,1.7,"3,6",-1,0.7666665835136834
sample_1_ref_4_8,1.7,"4,5",-1,0.7380071523466785
sample_1_ref_4_8,1.7,"4,6",-1,0.7551681972094535
sample_1_ref_4_8,1.7,"5,6",-1,0.7519297574306291
sample_1_ref_4_8,1.8,"1,2",-1,0.3367678834234725
sample_1_ref_4_8,1.8,"1,3",-1,0.6595548668016562
sample_1_ref_4_8,1.8,"1,4",-1,0.6095668221204376
sample_1_ref_4_8,1.8,"1,5",-1,0.5935556501451026
sample_1_ref_4_8,1.8,"1,6",-1,0.6270437613108136
sample_1_ref_4_8,1.8,"2,3",-1,0.885381880585111
sample_1_ref_4_8,1.8,"2,4",-1,0.6871487805305762
sample_1_ref_4_8,1.8,"2,5",-1,0.772093279181813
sample_1_ref_4_8,1.8,"2,6",-1,0.7140671617339825
sample_1_ref_4_8,1.8,"3,4",-1,0.7308377531219836
sample_1_ref_4_8,1.8,"3,5",-1,0.6135088038219894
sample_1_ref_4_8,1.8,"3,6",-1,0.5838659167034489
sample_1_ref_4_8,1.8,"4,5",-1,0.847201553118671
sample_1_ref_4_8,1.8,"4,6",-1,0.821929929424418
sample_1_ref_4_8,1.8,"5,6",-1,0.8032587356056151
sample_1_ref_4_8,1.9,"1,2",-1,0.44830328103884964
sample_1_ref_4_8,1.9,"1,3",-1,0.4842813620753936
sample_1_ref_4_8,1.9,"1,4",-1,0.5156993285878392
sample_1_ref_4_8,1.9,"1,5",-1,0.5490793142971742
sample_1_ref_4_8,1.9,"1,6",-1,0.5715851549143106
sample_1_ref_4_8,1.9,"2,3",-1,0.4255764398521925
sample_1_ref_4_8,1.9,"2,4",-1,0.6878926982307263
sample_1_ref_4_8,1.9,"2,5",-1,0.8109771500643959
sample_1_ref_4_8,1.9,"2,6",-1,0.8060053333594093
sample_1_ref_4_8,1.9,"3,4",-1,0.6944511933468891
sample_1_ref_4_8,1.9,"3,5",-1,0.7550559360266339
sample_1_ref_4_8,1.9,"3,6",-1,0.823283387707788
sample_1_ref_4_8,1.9,"4,5",-1,0.7476693893356752
sample_1_ref_4_8,1.9,"4,6",-1,0.7967785811497006
sample_1_ref_4_8,1.9,"5,6",-1,0.752989926639406
sample_1_ref_4_8,2.0,"1,2",-1,0.7132859575837233
sample_1_ref_4_8,2.0,"1,3",-1,0.6554420528330352
sample_1_ref_4_8,2.0,"1,4",-1,0.5853820529104734
sample_1_ref_4_8,2.0,"1,5",-1,0.6002490061643311
sample_1_ref_4_8,2.0,"1,6",-1,0.6328333403921845
sample_1_ref_4_8,2.0,"2,3",-1,0.7364450129467559
sample_1_ref_4_8,2.0,"2,4",-1,0.633105881523971
sample_1_ref_4_8,2.0,"2,5",-1,0.6829664782465402
sample_1_ref_4_8,2.0,"2,6",-1,0.6722492235602139
sample_1_ref_4_8,2.0,"3,4",-1,0.7338141806922253
sample_1_ref_4_8,2.0,"3,5",-1,0.7457638062089044
sample_1_ref_4_8,2.0,"3,6",-1,0.8519629932645862
sample_1_ref_4_8,2.0,"4,5",-1,0.8476101592258319
sample_1_ref_4_8,2.0,"4,6",-1,0.8223670094178613
sample_1_ref_4_8,2.0,"5,6",-1,0.6823463735176483
sample_1_ref_4_8,2.1,"1,2",-1,0.5256069330995831
sample_1_ref_4_8,2.1,"1,3",-1,0.6253899776827678
sample_1_ref_4_8,2.1,"1,4",-1,0.6640816978056578
sample_1_ref_4_8,2.1,"1,5",-1,0.6169674517598893
sample_1_ref_4_8,2.1,"1,6",-1,0.6299290537831898
sample_1_ref_4_8,2.1,"2,3",-1,0.550221879448525
sample_1_ref_4_8,2.1,"2,4",-1,0.770348951548677
sample_1_ref_4_8,2.1,"2,5",-1,0.8173925212967724
sample_1_ref_4_8,2.1,"2,6",-1,0.7888112848964987
sample_1_ref_4_8,2.1,"3,4",-1,0.7901928220829925
sample_1_ref_4_8,2.1,"3,5",-1,0.8144967657779568
sample_1_ref_4_8,2.1,"3,6",-1,0.8363881425294569
sample_1_ref_4_8,2.1,"4,5",-1,0.8469824049529626
sample_1_ref_4_8,2.1,"4,6",-1,0.8365664052096894
sample_1_ref_4_8,2.1,"5,6",-1,0.7763389134693793
sample_1_ref_4_8,2.2,"1,2",-1,0.7833160138693714
sample_1_ref_4_8,2.2,"1,3",-1,0.7787320094220965
sample_1_ref_4_8,2.2,"1,4",-1,0.7569796141003834
sample_1_ref_4_8,2.2,"1,5",-1,0.719698914254572
sample_1_ref_4_8,2.2,"1,6",-1,0.7659519066792163
sample_1_ref_4_8,2.2,"2,3",-1,0.6419511258971822
sample_1_ref_4_8,2.2,"2,4",-1,0.7595505578182008
sample_1_ref_4_8,2.2,"2,5",-1,0.7949161725422639
sample_1_ref_4_8,2.2,"2,6",-1,0.8009471918081865
sample_1_ref_4_8,2.2,"3,4",-1,0.5066035927501836
sample_1_ref_4_8,2.2,"3,5",-1,0.689669420365848
sample_1_ref_4_8,2.2,"3,6",-1,0.6402647583171802
sample_1_ref_4_8,2.2,"4,5",-1,0.7616338163965716
sample_1_ref_4_8,2.2,"4,6",-1,0.8443861739376917
sample_1_ref_4_8,2.2,"5,6",-1,0.7419111099124136
sample_1_ref_4_8,2.3,"1,2",-1,0.6631795659520185
sample_1_ref_4_8,2.3,"1,3",-1,0.7277162412121198
sample_1_ref_4_8,2.3,"1,4",-1,0.7808086462720191
sample_1_ref_4_8,2.3,"1,5",-1,0.8103818449568767
sample_1_ref_4_8,2.3,"1,6",-1,0.7973520908701504
sample_1_ref_4_8,2.3,"2,3",-1,0.8254590393330401
sample_1_ref_4_8,2.3,"2,4",-1,0.8359013087611777
sample_1_ref_4_8,2.3,"2,5",-1,0.8463433637002185
sample_1_ref_4_8,2.3,"2,6",-1,0.843614944135852
sample_1_ref_4_8,2.3,"3,4",-1,0.7921678755893882
sample_1_ref_4_8,2.3,"3,5",-1,0.8070604169749959
sample_1_ref_4_8,2.3,"3,6",-1,0.851871335784126
sample_1_ref_4_8,2.3,"4,5",-1,0.8252398177634315
sample_1_ref_4_8,2.3,"4,6",-1,0.770588156885183
sample_1_ref_4_8,2.3,"5,6",-1,0.7065406565055156
sample_1_ref_4_8,2.4,"1,2",-1,0.34041364330189244
sample_1_ref_4_8,2.4,"1,3",-1,0.6195308363971684
sample_1_ref_4_8,2.4,"1,4",-1,0.5712991250966405
sample_1_ref_4_8,2.4,"1,5",-1,0.5825116183752006
sample_1_ref_4_8,2.4,"1,6",-1,0.5296731773709366
sample_1_ref_4_8,2.4,"2,3",-1,0.7714399585984917
sample_1_ref_4_8,2.4,"2,4",-1,0.7681111235826984
sample_1_ref_4_8,2.4,"2,5",-1,0.7337297803551351
sample_1_ref_4_8,2.4,"2,6",-1,0.7047803840656519
sample_1_ref_4_8,2.4,"3,4",-1,0.7833870350773411
sample_1_ref_4_8,2.4,"3,5",-1,0.7409642789607205
sample_1_ref_4_8,2.4,"3,6",-1,0.8257550577295149
sample_1_ref_4_8,2.4,"4,5",-1,0.8822397286335882
sample_1_ref_4_8,2.4,"4,6",-1,0.8211501628728591
sample_1_ref_4_8,2.4,"5,6",-1,0.8607413927580451
sample_1_ref_4_8,2.5,"1,2",-1,0.5768025034765265
sample_1_ref_4_8,2.5,"1,3",-1,0.7515663805946213
sample_1_ref_4_8,2.5,"1,4",-1,0.6946454194039744
sample_1_ref_4_8,2.5,"1,5",-1,0.7596962227121208
sample_1_ref_4_8,2.5,"1,6",-1,0.7500543790056742
sample_1_ref_4_8,2.5,"2,3",-1,0.7319239635223623
sample_1_ref_4_8,2.5,"2,4",-1,0.7248955354969329
sample_1_ref_4_8,2.5,"2,5",-1,0.7965544474006242
sample_1_ref_4_8,2.5,"2,6",-1,0.7760965422329731
sample_1_ref_4_8,2.5,"3,4",-1,0.8733004541438939
sample_1_ref_4_8,2.5,"3,5",-1,0.8171385566998904
sample_1_ref_4_8,2.5,"3,6",-1,0.830833874180854
sample_1_ref_4_8,2.5,"4,5",-1,0.8268980256766337
sample_1_ref_4_8,2.5,"4,6",-1,0.8803380121641794
sample_1_ref_4_8,2.5,"5,6",-1,0.6784584746449477
sample_1_ref_4_8,2.6,"1,2",-1,0.7503786265736395
sample_1_ref_4_8,2.6,"1,3",-1,0.7623777972234681
sample_1_ref_4_8,2.6,"1,4",-1,0.8578918889205753
sample_1_ref_4_8,2.6,"1,5",-1,0.8385438361783731
sample_1_ref_4_8,2.6,"1,6",-1,0.8593436307955402
sample_1_ref_4_8,2.6,"2,3",-1,0.7489306350218857
sample_1_ref_4_8,2.6,"2,4",-1,0.8577628662329816
sample_1_ref_4_8,2.6,"2,5",-1,0.8021075966215147
sample_1_ref_4_8,2.6,"2,6",-1,0.8595174911115311
sample_1_ref_4_8,2.6,"3,4",-1,0.718927196534042
sample_1_ref_4_8,2.6,"3,5",-1,0.6706494151232031
sample_1_ref_4_8,2.6,"3,6",-1,0.7235040064431453
sample_1_ref_4_8,2.6,"4,5",-1,0.7937259991791342
sample_1_ref_4_8,2.6,"4,6",-1,0.8352907782306641
sample_1_ref_4_8,2.6,"5,6",-1,0.760554577650267
sample_1_ref_4_8,2.7,"1,2",-1,0.39865308360374596
sample_1_ref_4_8,2.7,"1,3",-1,0.7199167495654988
sample_1_ref_4_8,2.7,"1,4",-1,0.5242919244027594
sample_1_ref_4_8,2.7,"1,5",-1,0.5943002195080535
sample_1_ref_4_8,2.7,"1,6",-1,0.5650994442709195
sample_1_ref_4_8,2.7,"2,3",-1,0.869555270176062
sample_1_ref_4_8,2.7,"2,4",-1,0.6939436224746915
sample_1_ref_4_8,2.7,"2,5",-1,0.7170882077730655
sample_1_ref_4_8,2.7,"2,6",-1,0.7864231870395048
sample_1_ref_4_8,2.7,"3,4",-1,0.7518799000156476
sample_1_ref_4_8,2.7,"3,5",-1,0.7305423179265359
sample_1_ref_4_8,2.7,"3,6",-1,0.687958800103498
sample_1_ref_4_8,2.7,"4,5",-1,0.8814854132169981
sample_1_ref_4_8,2.7,"4,6",-1,0.8465018088132421
sample_1_ref_4_8,2.7,"5,6",-1,0.7261830501743768
sample_1_ref_4_8,2.8,"1,2",-1,0.7482437285931868
sample_1_ref_4_8,2.8,"1,3",-1,0.684664169308392
sample_1_ref_4_8,2.8,"1,4",-1,0.7742946332150595
sample_1_ref_4_8,2.8,"1,5",-1,0.7305933567362433
sample_1_ref_4_8,2.8,"1,6",-1,0.7656000813568651
sample_1_ref_4_8,2.8,"2,3",-1,0.7551937065365717
sample_1_ref_4_8,2.8,"2,4",-1,0.8299562062246602
sample_1_ref_4_8,2.8,"2,5",-1,0.8096417125488586
sample_1_ref_4_8,2.8,"2,6",-1,0.8545037163192454
sample_1_ref_4_8,2.8,"3,4",-1,0.7402428598266996
sample_1_ref_4_8,2.8,"3,5",-1,0.8194513997554922
sample_1_ref_4_8,2.8,"3,6",-1,0.8354786537041072
sample_1_ref_4_8,2.8,"4,5",-1,0.7596074445739345
sample_1_ref_4_8,2.8,"4,6",-1,0.8080947366327711
sample_1_ref_4_8,2.8,"5,6",-1,0.7854446972912446
sample_1_ref_4_8,2.9,"1,2",-1,0.4116009599387847
sample_1_ref_4_8,2.9,"1,3",-1,0.5600580010513218
sample_1_ref_4_8,2.9,"1,4",-1,0.5326124347968932
sample_1_ref_4_8,2.9,"1,5",-1,0.6035718574811931
sample_1_ref_4_8,2.9,"1,6",-1,0.5709446079993273
sample_1_ref_4_8,2.9,"2,3",-1,0.4887044845166902
sample_1_ref_4_8,2.9,"2,4",-1,0.7212963918102042
sample_1_ref_4_8,2.9,"2,5",-1,0.7714135306672814
sample_1_ref_4_8,2.9,"2,6",-1,0.6903815128608943
sample_1_ref_4_8,2.9,"3,4",-1,0.664615191333312
sample_1_ref_4_8,2.9,"3,5",-1,0.7040643961087732
sample_1_ref_4_8,2.9,"3,6",-1,0.621815129806247
sample_1_ref_4_8,2.9,"4,5",-1,0.8361602479743024
sample_1_ref_4_8,2.9,"4,6",-1,0.7708935796996725
sample_1_ref_4_8,2.9,"5,6",-1,0.8851739308243365
sample_1_ref_4_8,3.0,"1,2",-1,0.7693541116380415
sample_1_ref_4_8,3.0,"1,3",-1,0.6684326463749418
sample_1_ref_4_8,3.0,"1,4",-1,0.6575685111721536
sample_1_ref_4_8,3.0,"1,5",-1,0.660371987381901
sample_1_ref_4_8,3.0,"1,6",-1,0.6775749096440761
sample_1_ref_4_8,3.0,"2,3",-1,0.7841970932167556
sample_1_ref_4_8,3.0,"2,4",-1,0.7300246224048401
sample_1_ref_4_8,3.0,"2,5",-1,0.7609477673188051
sample_1_ref_4_8,3.0,"2,6",-1,0.7464874118248478
sample_1_ref_4_8,3.0,"3,4",-1,0.8171634875080772
sample_1_ref_4_8,3.0,"3,5",-1,0.8498953910021939
sample_1_ref_4_8,3.0,"3,6",-1,0.8784960423700104
sample_1_ref_4_8,3.0,"4,5",-1,0.8585904142333494
sample_1_ref_4_8,3.0,"4,6",-1,0.8619099640190402
sample_1_ref_4_8,3.0,"5,6",-1,0.8747287204271618
sample_1_ref_4_8,3.1,"1,2",-1,0.5005983453869566
sample_1_ref_4_8,3.1,"1,3",-1,0.6744864861795478
sample_1_ref_4_8,3.1,"1,4",-1,0.5866005003645998
sample_1_ref_4_8,3.1,"1,5",-1,0.6195948949501666
sample_1_ref_4_8,3.1,"1,6",-1,0.6159886604069562
sample_1_ref_4_8,3.1,"2,3",-1,0.7815814139366394
sample_1_ref_4_8,3.1,"2,4",-1,0.7314417589406795
sample_1_ref_4_8,3.1,"2,5",-1,0.7816799991817256
sample_1_ref_4_8,3.1,"2,6",-1,0.7560423630583956
sample_1_ref_4_8,3.1,"3,4",-1,0.8039019140160593
sample_1_ref_4_8,3.1,"3,5",-1,0.7997331233822923
sample_1_ref_4_8,3.1,"3,6",-1,0.8236253993438479
sample_1_ref_4_8,3.1,"4,5",-1,0.7179885210073685
sample_1_ref_4_8,3.1,"4,6",-1,0.7557331198547305
sample_1_ref_4_8,3.1,"5,6",-1,0.8687185775034024
sample_1_ref_4_8,3.2,"1,2",-1,0.7248738235617277
sample_1_ref_4_8,3.2,"1,3",-1,0.5137382140726019
sample_1_ref_4_8,3.2,"1,4",-1,0.6621205574647572
sample_1_ref_4_8,3.2,"1,5",-1,0.6217086377501152
sample_1_ref_4_8,3.2,"1,6",-1,0.6361117921663283
sample_1_ref_4_8,3.2,"2,3",-1,0.813345080463833
sample_1_ref_4_8,3.2,"2,4",-1,0.736892627182344
sample_1_ref_4_8,3.2,"2,5",-1,0.8051092167528974
sample_1_ref_4_8,3.2,"2,6",-1,0.7515038447451692
sample_1_ref_4_8,3.2,"3,4",-1,0.8227931860294168
sample_1_ref_4_8,3.2,"3,5",-1,0.7307591097900706
sample_1_ref_4_8,3.2,"3,6",-1,0.7509610984505355
sample_1_ref_4_8,3.2,"4,5",-1,0.7907582260030731
sample_1_ref_4_8,3.2,"4,6",-1,0.8403270511947412
sample_1_ref_4_8,3.2,"5,6",-1,0.8270187466731702
sample_1_ref_4_8,3.3,"1,2",-1,0.5117623926378323
sample_1_ref_4_8,3.3,"1,3",-1,0.5504591584407451
sample_1_ref_4_8,3.3,"1,4",-1,0.5519705730110279
sample_1_ref_4_8,3.3,"1,5",-1,0.5641161007519857
sample_1_ref_4_8,3.3,"1,6",-1,0.5425251805953757
sample_1_ref_4_8,3.3,"2,3",-1,0.859170148533064
sample_1_ref_4_8,3.3,"2,4",-1,0.7797245283068791
sample_1_ref_4_8,3.3,"2,5",-1,0.8226955638323897
sample_1_ref_4_8,3.3,"2,6",-1,0.7899243517261842
sample_1_ref_4_8,3.3,"3,4",-1,0.7790105052421015
sample_1_ref_4_8,3.3,"3,5",-1,0.6731054603692049
sample_1_ref_4_8,3.3,"3,6",-1,0.7740789993879568
sample_1_ref_4_8,3.3,"4,5",-1,0.6876095683464986
sample_1_ref_4_8,3.3,"4,6",-1,0.8303066466677975
sample_1_ref_4_8,3.3,"5,6",-1,0.7050044721000319
sample_1_ref_4_8,3.4,"1,2",-1,0.7959239856636992
sample_1_ref_4_8,3.4,"1,3",-1,0.8486336832877989
sample_1_ref_4_8,3.4,"1,4",-1,0.7881016847948014
sample_1_ref_4_8,3.4,"1,5",-1,0.8474035826754667
sample_1_ref_4_8,3.4,"1,6",-1,0.7984259810316872
sample_1_ref_4_8,3.4,"2,3",-1,0.7923948705984059
sample_1_ref_4_8,3.4,"2,4",-1,0.8180267193708329
sample_1_ref_4_8,3.4,"2,5",-1,0.8267432599569596
sample_1_ref_4_8,3.4,"2,6",-1,0.8480099828114389
sample_1_ref_4_8,3.4,"3,4",-1,0.7941533999917813
sample_1_ref_4_8,3.4,"3,5",-1,0.7705269342395165
sample_1_ref_4_8,3.4,"3,6",-1,0.6482357791369057
sample_1_ref_4_8,3.4,"4,5",-1,0.8113544821868695
sample_1_ref_4_8,3.4,"4,6",-1,0.8293571159378231
sample_1_ref_4_8,3.4,"5,6",-1,0.8531877129815562
sample_1_ref_4_8,3.5,"1,2",-1,0.7424902938042769
sample_1_ref_4_8,3.5,"1,3",-1,0.7662640465796756
sample_1_ref_4_8,3.5,"1,4",-1,0.7928208319187234
sample_1_ref_4_8,3.5,"1,5",-1,0.7528522427979952
sample_1_ref_4_8,3.5,"1,6",-1,0.819549149174723
sample_1_ref_4_8,3.5,"2,3",-1,0.777711166620422
sample_1_ref_4_8,3.5,"2,4",-1,0.8348120974926706
sample_1_ref_4_8,3.5,"2,5",-1,0.8606840658146828
sample_1_ref_4_8,3.5,"2,6",-1,0.8580029732649024
sample_1_ref_4_8,3.5,"3,4",-1,0.7449179301923593
sample_1_ref_4_8,3.5,"3,5",-1,0.7690743356462728
sample_1_ref_4_8,3.5,"3,6",-1,0.7881181130422937
sample_1_ref_4_8,3.5,"4,5",-1,0.8246792015681809
sample_1_ref_4_8,3.5,"4,6",-1,0.8478992933030951
sample_1_ref_4_8,3.5,"5,6",-1,0.760202944850876
sample_1_ref_4_8,3.6,"1,2",-1,0.6291367681290189
sample_1_ref_4_8,3.6,"1,3",-1,0.6764020565666
sample_1_ref_4_8,3.6,"1,4",-1,0.572102860014496
sample_1_ref_4_8,3.6,"1,5",-1,0.5808167983188197
sample_1_ref_4_8,3.6,"1,6",-1,0.5897769066547033
sample_1_ref_4_8,3.6,"2,3",-1,0.8431567921621731
sample_1_ref_4_8,3.6,"2,4",-1,0.7779569905258737
sample_1_ref_4_8,3.6,"2,5",-1,0.7340478467817106
sample_1_ref_4_8,3.6,"2,6",-1,0.8404971935331929
sample_1_ref_4_8,3.6,"3,4",-1,0.8075817861405562
sample_1_ref_4_8,3.6,"3,5",-1,0.741318118900229
sample_1_ref_4_8,3.6,"3,6",-1,0.8253994856720355
sample_1_ref_4_8,3.6,"4,5",-1,0.8091503637876808
sample_1_ref_4_8,3.6,"4,6",-1,0.8474089986653411
sample_1_ref_4_8,3.6,"5,6",-1,0.8622462113187581
sample_1_ref_4_8,3.7,"1,2",-1,0.6958194486313143
sample_1_ref_4_8,3.7,"1,3",-1,0.8290193572969801
sample_1_ref_4_8,3.7,"1,4",-1,0.7664584927970939
sample_1_ref_4_8,3.7,"1,5",-1,0.8310825598865462
sample_1_ref_4_8,3.7,"1,6",-1,0.7870994776575546
sample_1_ref_4_8,3.7,"2,3",-1,0.7872249585565559
sample_1_ref_4_8,3.7,"2,4",-1,0.7736004773172496
sample_1_ref_4_8,3.7,"2,5",-1,0.7789222995091118
sample_1_ref_4_8,3.7,"2,6",-1,0.8200520289359724
sample_1_ref_4_8,3.7,"3,4",-1,0.8227851224340343
sample_1_ref_4_8,3.7,"3,5",-1,0.8746362772259083
sample_1_ref_4_8,3.7,"3,6",-1,0.8641537845859232
sample_1_ref_4_8,3.7,"4,5",-1,0.8000574409681875
sample_1_ref_4_8,3.7,"4,6",-1,0.8367717223001038
sample_1_ref_4_8,3.7,"5,6",-1,0.8341400951541059
sample_1_ref_4_8,3.8,"1,2",-1,0.7023635191896378
sample_1_ref_4_8,3.8,"1,3",-1,0.803887978040259
sample_1_ref_4_8,3.8,"1,4",-1,0.8339404627409378
sample_1_ref_4_8,3.8,"1,5",-1,0.8624408779686806
sample_1_ref_4_8,3.8,"1,6",-1,0.8289381937038176
sample_1_ref_4_8,3.8,"2,3",-1,0.7384704632867853
sample_1_ref_4_8,3.8,"2,4",-1,0.8289793399354902
sample_1_ref_4_8,3.8,"2,5",-1,0.8231940529293786
sample_1_ref_4_8,3.8,"2,6",-1,0.8242217944541969
sample_1_ref_4_8,3.8,"3,4",-1,0.7246375559612748
sample_1_ref_4_8,3.8,"3,5",-1,0.7520327024994323
sample_1_ref_4_8,3.8,"3,6",-1,0.7887829230290504
sample_1_ref_4_8,3.8,"4,5",-1,0.7936792827408771
sample_1_ref_4_8,3.8,"4,6",-1,0.8193195809386083
sample_1_ref_4_8,3.8,"5,6",-1,0.7783795971400406
sample_1_ref_4_8,3.9,"1,2",-1,0.5607670590717694
sample_1_ref_4_8,3.9,"1,3",-1,0.7739584273639201
sample_1_ref_4_8,3.9,"1,4",-1,0.8712507617324093
sample_1_ref_4_8,3.9,"1,5",-1,0.8589518367754118
sample_1_ref_4_8,3.9,"1,6",-1,0.8586669047433949
sample_1_ref_4_8,3.9,"2,3",-1,0.7902125177135393
sample_1_ref_4_8,3.9,"2,4",-1,0.8101314702116389
sample_1_ref_4_8,3.9,"2,5",-1,0.8426575750607105
sample_1_ref_4_8,3.9,"2,6",-1,0.8435604145599571
sample_1_ref_4_8,3.9,"3,4",-1,0.7658074766229954
sample_1_ref_4_8,3.9,"3,5",-1,0.774508193078209
sample_1_ref_4_8,3.9,"3,6",-1,0.8253743619997742
sample_1_ref_4_8,3.9,"4,5",-1,0.8136362485133901
sample_1_ref_4_8,3.9,"4,6",-1,0.833793162983109
sample_1_ref_4_8,3.9,"5,6",-1,0.7153009219584577
sample_1_ref_4_8,4.0,"1,2",-1,0.5845672065491435
sample_1_ref_4_8,4.0,"1,3",-1,0.622685823139292
sample_1_ref_4_8,4.0,"1,4",-1,0.63439235692785
sample_1_ref_4_8,4.0,"1,5",-1,0.6357778571011239
sample_1_ref_4_8,4.0,"1,6",-1,0.6935638361122397
sample_1_ref_4_8,4.0,"2,3",-1,0.8029767096877687
sample_1_ref_4_8,4.0,"2,4",-1,0.7995556145848907
sample_1_ref_4_8,4.0,"2,5",-1,0.804733881470146
sample_1_ref_4_8,4.0,"2,6",-1,0.8471148556670582
sample_1_ref_4_8,4.0,"3,4",-1,0.8268637046763803
sample_1_ref_4_8,4.0,"3,5",-1,0.6647112957090834
sample_1_ref_4_8,4.0,"3,6",-1,0.8270951696552238
sample_1_ref_4_8,4.0,"4,5",-1,0.8256319894943257
sample_1_ref_4_8,4.0,"4,6",-1,0.8606936406999111
sample_1_ref_4_8,4.0,"5,6",-1,0.8732361313223362
sample_1_ref_4_8,4.1,"1,2",-1,0.5501456176215228
sample_1_ref_4_8,4.1,"1,3",-1,0.8164432375653635
sample_1_ref_4_8,4.1,"1,4",-1,0.7614308865245136
sample_1_ref_4_8,4.1,"1,5",-1,0.7618864462013554
sample_1_ref_4_8,4.1,"1,6",-1,0.7736789099985164
sample_1_ref_4_8,4.1,"2,3",-1,0.8612600844040421
sample_1_ref_4_8,4.1,"2,4",-1,0.8620813065504941
sample_1_ref_4_8,4.1,"2,5",-1,0.7835733702227636
sample_1_ref_4_8,4.1,"2,6",-1,0.8453407659155956
sample_1_ref_4_8,4.1,"3,4",-1,0.7757643149430677
sample_1_ref_4_8,4.1,"3,5",-1,0.70386639476429
sample_1_ref_4_8,4.1,"3,6",-1,0.7236564988062967
sample_1_ref_4_8,4.1,"4,5",-1,0.8228613993916954
sample_1_ref_4_8,4.1,"4,6",-1,0.8004388238823871
sample_1_ref_4_8,4.1,"5,6",-1,0.8349418182285586
sample_1_ref_4_8,4.2,"1,2",-1,0.7562585163307238
sample_1_ref_4_8,4.2,"1,3",-1,0.5308347325530548
sample_1_ref_4_8,4.2,"1,4",-1,0.7231135377838509
sample_1_ref_4_8,4.2,"1,5",-1,0.7084930756913246
sample_1_ref_4_8,4.2,"1,6",-1,0.7260946068591839
sample_1_ref_4_8,4.2,"2,3",-1,0.7890056190498236
sample_1_ref_4_8,4.2,"2,4",-1,0.6918894425504759
sample_1_ref_4_8,4.2,"2,5",-1,0.8562760274566009
sample_1_ref_4_8,4.2,"2,6",-1,0.8852891414728006
sample_1_ref_4_8,4.2,"3,4",-1,0.7400837303080438
sample_1_ref_4_8,4.2,"3,5",-1,0.8460916979888158
sample_1_ref_4_8,4.2,"3,6",-1,0.7860559023373439
sample_1_ref_4_8,4.2,"4,5",-1,0.8555875316717108
sample_1_ref_4_8,4.2,"4,6",-1,0.8406631601036341
sample_1_ref_4_8,4.2,"5,6",-1,0.7683913719189989
sample_1_ref_4_8,4.3,"1,2",-1,0.641545015327126
sample_1_ref_4_8,4.3,"1,3",-1,0.5990462457222153
sample_1_ref_4_8,4.3,"1,4",-1,0.7232675054130896
sample_1_ref_4_8,4.3,"1,5",-1,0.681393694501339
sample_1_ref_4_8,4.3,"1,6",-1,0.6320815695790675
sample_1_ref_4_8,4.3,"2,3",-1,0.6516433908801278
sample_1_ref_4_8,4.3,"2,4",-1,0.8595608962472063
sample_1_ref_4_8,4.3,"2,5",-1,0.8620232589412419
sample_1_ref_4_8,4.3,"2,6",-1,0.8488732293190381
sample_1_ref_4_8,4.3,"3,4",-1,0.7996937138240652
sample_1_ref_4_8,4.3,"3,5",-1,0.8071618726448802
sample_1_ref_4_8,4.3,"3,6",-1,0.7912160442871596
sample_1_ref_4_8,4.3,"4,5",-1,0.783429113751189
sample_1_ref_4_8,4.3,"4,6",-1,0.7937005536480451
sample_1_ref_4_8,4.3,"5,6",-1,0.7491426432857855
sample_1_ref_4_8,4.4,"1,2",-1,0.6715719476573251
sample_1_ref_4_8,4.4,"1,3",-1,0.600787275684505
sample_1_ref_4_8,4.4,"1,4",-1,0.5680988107506585
sample_1_ref_4_8,4.4,"1,5",-1,0.5662642174208948
sample_1_ref_4_8,4.4,"1,6",-1,0.6171219500927417
sample_1_ref_4_8,4.4,"2,3",-1,0.7900074858130909
sample_1_ref_4_8,4.4,"2,4",-1,0.8618659676513066
sample_1_ref_4_8,4.4,"2,5",-1,0.8415156939399161
sample_1_ref_4_8,4.4,"2,6",-1,0.7914314460123
sample_1_ref_4_8,4.4,"3,4",-1,0.6823263577966024
sample_1_ref_4_8,4.4,"3,5",-1,0.7399981989874415
sample_1_ref_4_8,4.4,"3,6",-1,0.7121586663267916
sample_1_ref_4_8,4.4,"4,5",-1,0.8065013706950921
sample_1_ref_4_8,4.4,"4,6",-1,0.8498030279244461
sample_1_ref_4_8,4.4,"5,6",-1,0.8590312001197153
sample_1_ref_4_8,4.5,"1,2",-1,0.7394735111090535
sample_1_ref_4_8,4.5,"1,3",-1,0.8117018368318373
sample_1_ref_4_8,4.5,"1,4",-1,0.6718207595455522
sample_1_ref_4_8,4.5,"1,5",-1,0.7957187293328161
sample_1_ref_4_8,4.5,"1,6",-1,0.782094288980016
sample_1_ref_4_8,4.5,"2,3",-1,0.7676695963995956
sample_1_ref_4_8,4.5,"2,4",-1,0.8612348754757867
sample_1_ref_4_8,4.5,"2,5",-1,0.793024051712407
sample_1_ref_4_8,4.5,"2,6",-1,0.8463011788659602
sample_1_ref_4_8,4.5,"3,4",-1,0.7669744119937603
sample_1_ref_4_8,4.5,"3,5",-1,0.7870695173521894
sample_1_ref_4_8,4.5,"3,6",-1,0.8396695808343403
sample_1_ref_4_8,4.5,"4,5",-1,0.7257657854095815
sample_1_ref_4_8,4.5,"4,6",-1,0.7782143823746372
sample_1_ref_4_8,4.5,"5,6",-1,0.8447312947431485
sample_1_ref_4_8,4.6,"1,2",-1,0.7558850537748218
sample_1_ref_4_8,4.6,"1,3",-1,0.8621529119960759
sample_1_ref_4_8,4.6,"1,4",-1,0.7541287414774813
sample_1_ref_4_8,4.6,"1,5",-1,0.856445534280085
sample_1_ref_4_8,4.6,"1,6",-1,0.8604635345963156
sample_1_ref_4_8,4.6,"2,3",-1,0.720449935106028
sample_1_ref_4_8,4.6,"2,4",-1,0.8118993651128198
sample_1_ref_4_8,4.6,"2,5",-1,0.8407131062948378
sample_1_ref_4_8,4.6,"2,6",-1,0.8625473145086026
sample_1_ref_4_8,4.6,"3,4",-1,0.8609297577878551
sample_1_ref_4_8,4.6,"3,5",-1,0.756237957965454
sample_1_ref_4_8,4.6,"3,6",-1,0.8519996515061582
sample_1_ref_4_8,4.6,"4,5",-1,0.8039673849451295
sample_1_ref_4_8,4.6,"4,6",-1,0.8260868575936676
sample_1_ref_4_8,4.6,"5,6",-1,0.8170502796321434
sample_1_ref_4_8,4.7,"1,2",-1,0.7856731417990824
sample_1_ref_4_8,4.7,"1,3",-1,0.7386135455692818
sample_1_ref_4_8,4.7,"1,4",-1,0.8536979454456932
sample_1_ref_4_8,4.7,"1,5",-1,0.8191435446535994
sample_1_ref_4_8,4.7,"1,6",-1,0.8544189885392061
sample_1_ref_4_8,4.7,"2,3",-1,0.8582676743656342
sample_1_ref_4_8,4.7,"2,4",-1,0.8499984295650691
sample_1_ref_4_8,4.7,"2,5",-1,0.8345734927269826
sample_1_ref_4_8,4.7,"2,6",-1,0.8279916891348265
sample_1_ref_4_8,4.7,"3,4",-1,0.8017818938131229
sample_1_ref_4_8,4.7,"3,5",-1,0.7794803897304178
sample_1_ref_4_8,4.7,"3,6",-1,0.8094346608200026
sample_1_ref_4_8,4.7,"4,5",-1,0.8088246188215783
sample_1_ref_4_8,4.7,"4,6",-1,0.8398772691327064
sample_1_ref_4_8,4.7,"5,6",-1,0.7973931866617934
sample_1_ref_4_8,4.8,"1,2",-1,0.686859774537098
sample_1_ref_4_8,4.8,"1,3",-1,0.5748950390355252
sample_1_ref_4_8,4.8,"1,4",-1,0.6559233157356664
sample_1_ref_4_8,4.8,"1,5",-1,0.6664245236218698
sample_1_ref_4_8,4.8,"1,6",-1,0.6283895957026294
sample_1_ref_4_8,4.8,"2,3",-1,0.8801002542833068
sample_1_ref_4_8,4.8,"2,4",-1,0.8148014459368319
sample_1_ref_4_8,4.8,"2,5",-1,0.8523410911335343
sample_1_ref_4_8,4.8,"2,6",-1,0.791295429227398
sample_1_ref_4_8,4.8,"3,4",-1,0.7768812284338408
sample_1_ref_4_8,4.8,"3,5",-1,0.8099173068030082
sample_1_ref_4_8,4.8,"3,6",-1,0.8422568001210804
sample_1_ref_4_8,4.8,"4,5",-1,0.7991410992669457
sample_1_ref_4_8,4.8,"4,6",-1,0.8581591202889803
sample_1_ref_4_8,4.8,"5,6",-1,0.8727399979775544
sample_1_ref_4_8,4.9,"1,2",-1,0.5491370184350974
sample_1_ref_4_8,4.9,"1,3",-1,0.657312054579268
sample_1_ref_4_8,4.9,"1,4",-1,0.6359900003651021
sample_1_ref_4_8,4.9,"1,5",-1,0.6271586619636855
sample_1_ref_4_8,4.9,"1,6",-1,0.6646280058476696
sample_1_ref_4_8,4.9,"2,3",-1,0.77635257315066
sample_1_ref_4_8,4.9,"2,4",-1,0.747929943018721
sample_1_ref_4_8,4.9,"2,5",-1,0.796239251761274
sample_1_ref_4_8,4.9,"2,6",-1,0.8128228977825617
sample_1_ref_4_8,4.9,"3,4",-1,0.775163735230789
sample_1_ref_4_8,4.9,"3,5",-1,0.7942494221675038
sample_1_ref_4_8,4.9,"3,6",-1,0.791141252993915
sample_1_ref_4_8,4.9,"4,5",-1,0.8044412967225335
sample_1_ref_4_8,4.9,"4,6",-1,0.789607833811266
sample_1_ref_4_8,4.9,"5,6",-1,0.719335237392668
sample_1_ref_4_8,5.0,"1,2",-1,0.7412289416689888
sample_1_ref_4_8,5.0,"1,3",-1,0.7361616512767467
sample_1_ref_4_8,5.0,"1,4",-1,0.7209609877583348
sample_1_ref_4_8,5.0,"1,5",-1,0.6741924375465637
sample_1_ref_4_8,5.0,"1,6",-1,0.687995009706901
sample_1_ref_4_8,5.0,"2,3",-1,0.8499804201471278
sample_1_ref_4_8,5.0,"2,4",-1,0.8636379935476618
sample_1_ref_4_8,5.0,"2,5",-1,0.8163985141369948
sample_1_ref_4_8,5.0,"2,6",-1,0.8108964400864883
sample_1_ref_4_8,5.0,"3,4",-1,0.7849229742086314
sample_1_ref_4_8,5.0,"3,5",-1,0.8493370146511858
sample_1_ref_4_8,5.0,"3,6",-1,0.8621849187011178
sample_1_ref_4_8,5.0,"4,5",-1,0.8419918065881379
sample_1_ref_4_8,5.0,"4,6",-1,0.8854718066551924
sample_1_ref_4_8,5.0,"5,6",-1,0.7528540539974143
sample_1_ref_4_8,0.1,"1,2",-2,0.15696640109733537
sample_1_ref_4_8,0.1,"1,3",-2,0.7654415003111791
sample_1_ref_4_8,0.1,"1,4",-2,0.642085835118078
sample_1_ref_4_8,0.1,"1,5",-2,0.5708274837234634
sample_1_ref_4_8,0.1,"1,6",-2,0.4902930754792782
sample_1_ref_4_8,0.1,"2,3",-2,0.864331919817815
sample_1_ref_4_8,0.1,"2,4",-2,0.7902902062560543
sample_1_ref_4_8,0.1,"2,5",-2,0.6603957948110114
sample_1_ref_4_8,0.1,"2,6",-2,0.4905453157837494
sample_1_ref_4_8,0.1,"3,4",-2,0.2791016200005931
sample_1_ref_4_8,0.1,"3,5",-2,0.4540169598431975
sample_1_ref_4_8,0.1,"3,6",-2,0.5917114919560817
sample_1_ref_4_8,0.1,"4,5",-2,0.5449502869037072
sample_1_ref_4_8,0.1,"4,6",-2,0.7268303536510958
sample_1_ref_4_8,0.1,"5,6",-2,0.8634128627643797
sample_1_ref_4_8,0.2,"1,2",-2,0.7807287353306402
sample_1_ref_4_8,0.2,"1,3",-2,0.7725520034335529
sample_1_ref_4_8,0.2,"1,4",-2,0.5022368526850646
sample_1_ref_4_8,0.2,"1,5",-2,0.5826539055794737
sample_1_ref_4_8,0.2,"1,6",-2,0.46780114601711087
sample_1_ref_4_8,0.2,"2,3",-2,0.22643226636851232
sample_1_ref_4_8,0.2,"2,4",-2,0.6399320670804073
sample_1_ref_4_8,0.2,"2,5",-2,0.6613271282448772
sample_1_ref_4_8,0.2,"2,6",-2,0.674182855437694
sample_1_ref_4_8,0.2,"3,4",-2,0.6017595521721079
sample_1_ref_4_8,0.2,"3,5",-2,0.563791562613835
sample_1_ref_4_8,0.2,"3,6",-2,0.6673867553575494
sample_1_ref_4_8,0.2,"4,5",-2,0.4791587040431124
sample_1_ref_4_8,0.2,"4,6",-2,0.625572846180151
sample_1_ref_4_8,0.2,"5,6",-2,0.6585636513789421
sample_1_ref_4_8,0.3,"1,2",-2,0.7554985383756417
sample_1_ref_4_8,0.3,"1,3",-2,0.7364958302990386
sample_1_ref_4_8,0.3,"1,4",-2,0.6101681377911997
sample_1_ref_4_8,0.3,"1,5",-2,0.5330062662162368
sample_1_ref_4_8,0.3,"1,6",-2,0.5886985113840348
sample_1_ref_4_8,0.3,"2,3",-2,0.24535830489401758
sample_1_ref_4_8,0.3,"2,4",-2,0.5497735927916881
sample_1_ref_4_8,0.3,"2,5",-2,0.563881772825085
sample_1_ref_4_8,0.3,"2,6",-2,0.5012709213384321
sample_1_ref_4_8,0.3,"3,4",-2,0.503220584713177
sample_1_ref_4_8,0.3,"3,5",-2,0.5487888624581811
sample_1_ref_4_8,0.3,"3,6",-2,0.48012078540607056
sample_1_ref_4_8,0.3,"4,5",-2,0.5224392396521221
sample_1_ref_4_8,0.3,"4,6",-2,0.6198106165745733
sample_1_ref_4_8,0.3,"5,6",-2,0.5852099141490936
sample_1_ref_4_8,0.4,"1,2",-2,0.7755332431717304
sample_1_ref_4_8,0.4,"1,3",-2,0.7460031167750183
sample_1_ref_4_8,0.4,"1,4",-2,0.4641526445126782
sample_1_ref_4_8,0.4,"1,5",-2,0.5231091694367335
sample_1_ref_4_8,0.4,"1,6",-2,0.5820820032701709
sample_1_ref_4_8,0.4,"2,3",-2,0.22412628605639384
sample_1_ref_4_8,0.4,"2,4",-2,0.6528481112949763
sample_1_ref_4_8,0.4,"2,5",-2,0.5575489748071456
sample_1_ref_4_8,0.4,"2,6",-2,0.5102385839191694
sample_1_ref_4_8,0.4,"3,4",-2,0.6060140280638238
sample_1_ref_4_8,0.4,"3,5",-2,0.5878926327752544
sample_1_ref_4_8,0.4,"3,6",-2,0.4209424668325709
sample_1_ref_4_8,0.4,"4,5",-2,0.7949870177851593
sample_1_ref_4_8,0.4,"4,6",-2,0.6692737619169479
sample_1_ref_4_8,0.4,"5,6",-2,0.5963720617985345
sample_1_ref_4_8,0.5,"1,2",-2,0.6094951262824716
sample_1_ref_4_8,0.5,"1,3",-2,0.5138984715894235
sample_1_ref_4_8,0.5,"1,4",-2,0.4557838972622044
sample_1_ref_4_8,0.5,"1,5",-2,0.6475455682665149
sample_1_ref_4_8,0.5,"1,6",-2,0.5161326754643045
sample_1_ref_4_8,0.5,"2,3",-2,0.3584985822869902
sample_1_ref_4_8,0.5,"2,4",-2,0.7766517528835897
sample_1_ref_4_8,0.5,"2,5",-2,0.8425150628160873
sample_1_ref_4_8,0.5,"2,6",-2,0.7901800821216108
sample_1_ref_4_8,0.5,"3,4",-2,0.7995891305197532
sample_1_ref_4_8,0.5,"3,5",-2,0.8256150328625739
sample_1_ref_4_8,0.5,"3,6",-2,0.7848087443023407
sample_1_ref_4_8,0.5,"4,5",-2,0.8118154604745361
sample_1_ref_4_8,0.5,"4,6",-2,0.5265164964527188
sample_1_ref_4_8,0.5,"5,6",-2,0.8511675510961729
sample_1_ref_4_8,0.6,"1,2",-2,0.6558617921450196
sample_1_ref_4_8,0.6,"1,3",-2,0.5599239234635357
sample_1_ref_4_8,0.6,"1,4",-2,0.676757485726027
sample_1_ref_4_8,0.6,"1,5",-2,0.5878755428356601
sample_1_ref_4_8,0.6,"1,6",-2,0.5847431514077971
sample_1_ref_4_8,0.6,"2,3",-2,0.8722187769400702
sample_1_ref_4_8,0.6,"2,4",-2,0.690902717095804
sample_1_ref_4_8,0.6,"2,5",-2,0.838197070924474
sample_1_ref_4_8,0.6,"2,6",-2,0.7843691820813868
sample_1_ref_4_8,0.6,"3,4",-2,0.8396842094136321
sample_1_ref_4_8,0.6,"3,5",-2,0.8352388091863817
sample_1_ref_4_8,0.6,"3,6",-2,0.7690957552645508
sample_1_ref_4_8,0.6,"4,5",-2,0.60638180029504
sample_1_ref_4_8,0.6,"4,6",-2,0.6620664219792832
sample_1_ref_4_8,0.6,"5,6",-2,0.5189603204067083
sample_1_ref_4_8,0.7,"1,2",-2,0.4894715485780572
sample_1_ref_4_8,0.7,"1,3",-2,0.655428320560952
sample_1_ref_4_8,0.7,"1,4",-2,0.4538572897685346
sample_1_ref_4_8,0.7,"1,5",-2,0.627587940804862
sample_1_ref_4_8,0.7,"1,6",-2,0.6218206135408223
sample_1_ref_4_8,0.7,"2,3",-2,0.8103236288114872
sample_1_ref_4_8,0.7,"2,4",-2,0.6879265024290527
sample_1_ref_4_8,0.7,"2,5",-2,0.8699501894510413
sample_1_ref_4_8,0.7,"2,6",-2,0.8452974803518237
sample_1_ref_4_8,0.7,"3,4",-2,0.8043981046245129
sample_1_ref_4_8,0.7,"3,5",-2,0.7654639044660964
sample_1_ref_4_8,0.7,"3,6",-2,0.7906973844928256
sample_1_ref_4_8,0.7,"4,5",-2,0.8461247396688225
sample_1_ref_4_8,0.7,"4,6",-2,0.6995268072030295
sample_1_ref_4_8,0.7,"5,6",-2,0.5333547750512917
sample_1_ref_4_8,0.8,"1,2",-2,0.7417900795180516
sample_1_ref_4_8,0.8,"1,3",-2,0.694135033367969
sample_1_ref_4_8,0.8,"1,4",-2,0.39826498084399986
sample_1_ref_4_8,0.8,"1,5",-2,0.518019647626176
sample_1_ref_4_8,0.8,"1,6",-2,0.531004965404173
sample_1_ref_4_8,0.8,"2,3",-2,0.32747510388275036
sample_1_ref_4_8,0.8,"2,4",-2,0.7081461617832738
sample_1_ref_4_8,0.8,"2,5",-2,0.6500191320325686
sample_1_ref_4_8,0.8,"2,6",-2,0.5930124042386118
sample_1_ref_4_8,0.8,"3,4",-2,0.7527139633407294
sample_1_ref_4_8,0.8,"3,5",-2,0.636089707947577
sample_1_ref_4_8,0.8,"3,6",-2,0.4843760539751507
sample_1_ref_4_8,0.8,"4,5",-2,0.6059531573543563
sample_1_ref_4_8,0.8,"4,6",-2,0.7377257890107033
sample_1_ref_4_8,0.8,"5,6",-2,0.8703467650015316
sample_1_ref_4_8,0.9,"1,2",-2,0.6308903197498293
sample_1_ref_4_8,0.9,"1,3",-2,0.6856689594534366
sample_1_ref_4_8,0.9,"1,4",-2,0.7086466427809401
sample_1_ref_4_8,0.9,"1,5",-2,0.6101477127529551
sample_1_ref_4_8,0.9,"1,6",-2,0.5154559236178404
sample_1_ref_4_8,0.9,"2,3",-2,0.6317821040150423
sample_1_ref_4_8,0.9,"2,4",-2,0.7329819547853748
sample_1_ref_4_8,0.9,"2,5",-2,0.7756771686622886
sample_1_ref_4_8,0.9,"2,6",-2,0.7878892221437607
sample_1_ref_4_8,0.9,"3,4",-2,0.6497557976609881
sample_1_ref_4_8,0.9,"3,5",-2,0.8666370670386626
sample_1_ref_4_8,0.9,"3,6",-2,0.7515759407528352
sample_1_ref_4_8,0.9,"4,5",-2,0.7615337500463366
sample_1_ref_4_8,0.9,"4,6",-2,0.828587493443468
sample_1_ref_4_8,0.9,"5,6",-2,0.6080733254712367
sample_1_ref_4_8,1.0,"1,2",-2,0.7397537540711343
sample_1_ref_4_8,1.0,"1,3",-2,0.7227717039584599
sample_1_ref_4_8,1.0,"1,4",-2,0.6273187164287819
sample_1_ref_4_8,1.0,"1,5",-2,0.6578248506779748
sample_1_ref_4_8,1.0,"1,6",-2,0.5852221133339391
sample_1_ref_4_8,1.0,"2,3",-2,0.737986001013033
sample_1_ref_4_8,1.0,"2,4",-2,0.759456319771056
sample_1_ref_4_8,1.0,"2,5",-2,0.7504086645881571
sample_1_ref_4_8,1.0,"2,6",-2,0.8074854579433134
sample_1_ref_4_8,1.0,"3,4",-2,0.8104026222880607
sample_1_ref_4_8,1.0,"3,5",-2,0.8071809700512359
sample_1_ref_4_8,1.0,"3,6",-2,0.645558433698514
sample_1_ref_4_8,1.0,"4,5",-2,0.7391551293388785
sample_1_ref_4_8,1.0,"4,6",-2,0.8093917439414229
sample_1_ref_4_8,1.0,"5,6",-2,0.7198217248998973
sample_1_ref_4_8,1.1,"1,2",-2,0.5168185606884288
sample_1_ref_4_8,1.1,"1,3",-2,0.6881045068205524
sample_1_ref_4_8,1.1,"1,4",-2,0.5860926249149113
sample_1_ref_4_8,1.1,"1,5",-2,0.6210252265932084
sample_1_ref_4_8,1.1,"1,6",-2,0.6808067838197094
sample_1_ref_4_8,1.1,"2,3",-2,0.871500553479541
sample_1_ref_4_8,1.1,"2,4",-2,0.6607980285967208
sample_1_ref_4_8,1.1,"2,5",-2,0.7943179976107919
sample_1_ref_4_8,1.1,"2,6",-2,0.7542292192631048
sample_1_ref_4_8,1.1,"3,4",-2,0.6942168340647917
sample_1_ref_4_8,1.1,"3,5",-2,0.6685916288528703
sample_1_ref_4_8,1.1,"3,6",-2,0.5621353045250509
sample_1_ref_4_8,1.1,"4,5",-2,0.791293525005011
sample_1_ref_4_8,1.1,"4,6",-2,0.8513881674546433
sample_1_ref_4_8,1.1,"5,6",-2,0.6135747705974596
sample_1_ref_4_8,1.2,"1,2",-2,0.7629163313008608
sample_1_ref_4_8,1.2,"1,3",-2,0.5475340820362808
sample_1_ref_4_8,1.2,"1,4",-2,0.6183279031131091
sample_1_ref_4_8,1.2,"1,5",-2,0.6086477466949668
sample_1_ref_4_8,1.2,"1,6",-2,0.5202684214769654
sample_1_ref_4_8,1.2,"2,3",-2,0.8047308888958145
sample_1_ref_4_8,1.2,"2,4",-2,0.6921950141259171
sample_1_ref_4_8,1.2,"2,5",-2,0.6774153300940972
sample_1_ref_4_8,1.2,"2,6",-2,0.7991036992227758
sample_1_ref_4_8,1.2,"3,4",-2,0.7424949940824219
sample_1_ref_4_8,1.2,"3,5",-2,0.8173015272346168
sample_1_ref_4_8,1.2,"3,6",-2,0.7247652338140779
sample_1_ref_4_8,1.2,"4,5",-2,0.7754947171976205
sample_1_ref_4_8,1.2,"4,6",-2,0.7228931340359297
sample_1_ref_4_8,1.2,"5,6",-2,0.7997406272504625
sample_1_ref_4_8,1.3,"1,2",-2,0.4432597175240608
sample_1_ref_4_8,1.3,"1,3",-2,0.48502335065630175
sample_1_ref_4_8,1.3,"1,4",-2,0.4952093803769164
sample_1_ref_4_8,1.3,"1,5",-2,0.6064149781957363
sample_1_ref_4_8,1.3,"1,6",-2,0.5608693312400148
sample_1_ref_4_8,1.3,"2,3",-2,0.5317448554522433
sample_1_ref_4_8,1.3,"2,4",-2,0.713217586165546
sample_1_ref_4_8,1.3,"2,5",-2,0.6980959114108121
sample_1_ref_4_8,1.3,"2,6",-2,0.7145187375341722
sample_1_ref_4_8,1.3,"3,4",-2,0.6466874540391844
sample_1_ref_4_8,1.3,"3,5",-2,0.7428487228263626
sample_1_ref_4_8,1.3,"3,6",-2,0.7303397817657971
sample_1_ref_4_8,1.3,"4,5",-2,0.8484988550484606
sample_1_ref_4_8,1.3,"4,6",-2,0.6773673350467802
sample_1_ref_4_8,1.3,"5,6",-2,0.8090166860176409
sample_1_ref_4_8,1.4,"1,2",-2,0.5832464850167054
sample_1_ref_4_8,1.4,"1,3",-2,0.6941406188773711
sample_1_ref_4_8,1.4,"1,4",-2,0.6849655068620409
sample_1_ref_4_8,1.4,"1,5",-2,0.7005391453197182
sample_1_ref_4_8,1.4,"1,6",-2,0.7028475290157445
sample_1_ref_4_8,1.4,"2,3",-2,0.7276878830787554
sample_1_ref_4_8,1.4,"2,4",-2,0.6420262974478762
sample_1_ref_4_8,1.4,"2,5",-2,0.776320901396782
sample_1_ref_4_8,1.4,"2,6",-2,0.7543923526025695
sample_1_ref_4_8,1.4,"3,4",-2,0.7129179388525474
sample_1_ref_4_8,1.4,"3,5",-2,0.8082472157002174
sample_1_ref_4_8,1.4,"3,6",-2,0.7658302764857396
sample_1_ref_4_8,1.4,"4,5",-2,0.8383609781279799
sample_1_ref_4_8,1.4,"4,6",-2,0.8310556261718703
sample_1_ref_4_8,1.4,"5,6",-2,0.8347803931349724
sample_1_ref_4_8,1.5,"1,2",-2,0.5740936638119394
sample_1_ref_4_8,1.5,"1,3",-2,0.8519011725592903
sample_1_ref_4_8,1.5,"1,4",-2,0.8348200774306477
sample_1_ref_4_8,1.5,"1,5",-2,0.7514516476151556
sample_1_ref_4_8,1.5,"1,6",-2,0.8261395237870722
sample_1_ref_4_8,1.5,"2,3",-2,0.7213748587694551
sample_1_ref_4_8,1.5,"2,4",-2,0.8065641647758477
sample_1_ref_4_8,1.5,"2,5",-2,0.7064914682156056
sample_1_ref_4_8,1.5,"2,6",-2,0.8773295624004567
sample_1_ref_4_8,1.5,"3,4",-2,0.7199995637060944
sample_1_ref_4_8,1.5,"3,5",-2,0.7087082952241601
sample_1_ref_4_8,1.5,"3,6",-2,0.8589236222059581
sample_1_ref_4_8,1.5,"4,5",-2,0.7891689696735303
sample_1_ref_4_8,1.5,"4,6",-2,0.6029565745221809
sample_1_ref_4_8,1.5,"5,6",-2,0.7706351734112701
sample_1_ref_4_8,1.6,"1,2",-2,0.6299674626707543
sample_1_ref_4_8,1.6,"1,3",-2,0.6287831401975109
sample_1_ref_4_8,1.6,"1,4",-2,0.5911899983767406
sample_1_ref_4_8,1.6,"1,5",-2,0.68056993940316
sample_1_ref_4_8,1.6,"1,6",-2,0.6676017129169876
sample_1_ref_4_8,1.6,"2,3",-2,0.757425316390994
sample_1_ref_4_8,1.6,"2,4",-2,0.8036692064601142
sample_1_ref_4_8,1.6,"2,5",-2,0.8461069621436553
sample_1_ref_4_8,1.6,"2,6",-2,0.7895140945764801
sample_1_ref_4_8,1.6,"3,4",-2,0.77599891486482
sample_1_ref_4_8,1.6,"3,5",-2,0.7378024332871329
sample_1_ref_4_8,1.6,"3,6",-2,0.8454199758348525
sample_1_ref_4_8,1.6,"4,5",-2,0.7310332148519986
sample_1_ref_4_8,1.6,"4,6",-2,0.8179480358788346
sample_1_ref_4_8,1.6,"5,6",-2,0.8028704908186433
sample_1_ref_4_8,1.7,"1,2",-2,0.856163061464086
sample_1_ref_4_8,1.7,"1,3",-2,0.6450817966288901
sample_1_ref_4_8,1.7,"1,4",-2,0.818699605480315
sample_1_ref_4_8,1.7,"1,5",-2,0.8311019039768474
sample_1_ref_4_8,1.7,"1,6",-2,0.7893713394978963
sample_1_ref_4_8,1.7,"2,3",-2,0.8647070075726342
sample_1_ref_4_8,1.7,"2,4",-2,0.7391786867647238
sample_1_ref_4_8,1.7,"2,5",-2,0.7563775692112741
sample_1_ref_4_8,1.7,"2,6",-2,0.7897506530708458
sample_1_ref_4_8,1.7,"3,4",-2,0.7134344691876163
sample_1_ref_4_8,1.7,"3,5",-2,0.650237491661557
sample_1_ref_4_8,1.7,"3,6",-2,0.5821841730064521
sample_1_ref_4_8,1.7,"4,5",-2,0.8367858854586618
sample_1_ref_4_8,1.7,"4,6",-2,0.8125325571129595
sample_1_ref_4_8,1.7,"5,6",-2,0.7040931080592203
sample_1_ref_4_8,1.8,"1,2",-2,0.6260985275231661
sample_1_ref_4_8,1.8,"1,3",-2,0.698603861603308
sample_1_ref_4_8,1.8,"1,4",-2,0.7805488268379964
sample_1_ref_4_8,1.8,"1,5",-2,0.7921932820709818
sample_1_ref_4_8,1.8,"1,6",-2,0.7688739730725077
sample_1_ref_4_8,1.8,"2,3",-2,0.838056983515995
sample_1_ref_4_8,1.8,"2,4",-2,0.7302849149063867
sample_1_ref_4_8,1.8,"2,5",-2,0.8417554284957297
sample_1_ref_4_8,1.8,"2,6",-2,0.8108619485817185
sample_1_ref_4_8,1.8,"3,4",-2,0.7587365828546837
sample_1_ref_4_8,1.8,"3,5",-2,0.8447612786306876
sample_1_ref_4_8,1.8,"3,6",-2,0.8178300156851978
sample_1_ref_4_8,1.8,"4,5",-2,0.8326641624240819
sample_1_ref_4_8,1.8,"4,6",-2,0.7555087989895047
sample_1_ref_4_8,1.8,"5,6",-2,0.8258309458731894
sample_1_ref_4_8,1.9,"1,2",-2,0.8186129629060387
sample_1_ref_4_8,1.9,"1,3",-2,0.7305577825076474
sample_1_ref_4_8,1.9,"1,4",-2,0.7573088441167927
sample_1_ref_4_8,1.9,"1,5",-2,0.671321924680207
sample_1_ref_4_8,1.9,"1,6",-2,0.8164327519271122
sample_1_ref_4_8,1.9,"2,3",-2,0.6266681946011636
sample_1_ref_4_8,1.9,"2,4",-2,0.8662060037455641
sample_1_ref_4_8,1.9,"2,5",-2,0.8409628399205998
sample_1_ref_4_8,1.9,"2,6",-2,0.8130468266738209
sample_1_ref_4_8,1.9,"3,4",-2,0.8275736849478119
sample_1_ref_4_8,1.9,"3,5",-2,0.7753164169775681
sample_1_ref_4_8,1.9,"3,6",-2,0.80988050912552
sample_1_ref_4_8,1.9,"4,5",-2,0.7856904020952097
sample_1_ref_4_8,1.9,"4,6",-2,0.7985638092090303
sample_1_ref_4_8,1.9,"5,6",-2,0.7965830984149245
sample_1_ref_4_8,2.0,"1,2",-2,0.5466893730937593
sample_1_ref_4_8,2.0,"1,3",-2,0.6884773642744667
sample_1_ref_4_8,2.0,"1,4",-2,0.5264006313375041
sample_1_ref_4_8,2.0,"1,5",-2,0.5662437410621631
sample_1_ref_4_8,2.0,"1,6",-2,0.5895768711059922
sample_1_ref_4_8,2.0,"2,3",-2,0.7009578219714423
sample_1_ref_4_8,2.0,"2,4",-2,0.7099764787108493
sample_1_ref_4_8,2.0,"2,5",-2,0.7961121612854447
sample_1_ref_4_8,2.0,"2,6",-2,0.8178700375371616
sample_1_ref_4_8,2.0,"3,4",-2,0.7386013286736989
sample_1_ref_4_8,2.0,"3,5",-2,0.81929796591012
sample_1_ref_4_8,2.0,"3,6",-2,0.7269889488395725
sample_1_ref_4_8,2.0,"4,5",-2,0.733172390302573
sample_1_ref_4_8,2.0,"4,6",-2,0.8149763052523407
sample_1_ref_4_8,2.0,"5,6",-2,0.7654639358424566
sample_1_ref_4_8,2.1,"1,2",-2,0.8550326657559351
sample_1_ref_4_8,2.1,"1,3",-2,0.6200759987758252
sample_1_ref_4_8,2.1,"1,4",-2,0.7707506639464855
sample_1_ref_4_8,2.1,"1,5",-2,0.7578658954724579
sample_1_ref_4_8,2.1,"1,6",-2,0.6092162251583372
sample_1_ref_4_8,2.1,"2,3",-2,0.8378203868459841
sample_1_ref_4_8,2.1,"2,4",-2,0.547333902002847
sample_1_ref_4_8,2.1,"2,5",-2,0.6700942920206898
sample_1_ref_4_8,2.1,"2,6",-2,0.6996847231857742
sample_1_ref_4_8,2.1,"3,4",-2,0.8339673287911915
sample_1_ref_4_8,2.1,"3,5",-2,0.6967021100805783
sample_1_ref_4_8,2.1,"3,6",-2,0.7555038931838075
sample_1_ref_4_8,2.1,"4,5",-2,0.7154270695899445
sample_1_ref_4_8,2.1,"4,6",-2,0.841109278819328
sample_1_ref_4_8,2.1,"5,6",-2,0.8379434929425074
sample_1_ref_4_8,2.2,"1,2",-2,0.7272298866955762
sample_1_ref_4_8,2.2,"1,3",-2,0.8671149233456347
sample_1_ref_4_8,2.2,"1,4",-2,0.7597868780584371
sample_1_ref_4_8,2.2,"1,5",-2,0.7515355789557335
sample_1_ref_4_8,2.2,"1,6",-2,0.774622674371572
sample_1_ref_4_8,2.2,"2,3",-2,0.7747084666548398
sample_1_ref_4_8,2.2,"2,4",-2,0.8379921138617895
sample_1_ref_4_8,2.2,"2,5",-2,0.8353690242351021
sample_1_ref_4_8,2.2,"2,6",-2,0.7217581940561137
sample_1_ref_4_8,2.2,"3,4",-2,0.8493411968309359
sample_1_ref_4_8,2.2,"3,5",-2,0.7340659677703967
sample_1_ref_4_8,2.2,"3,6",-2,0.6824118586713434
sample_1_ref_4_8,2.2,"4,5",-2,0.7638595105097759
sample_1_ref_4_8,2.2,"4,6",-2,0.7638873121378786
sample_1_ref_4_8,2.2,"5,6",-2,0.8300762192058911
sample_1_ref_4_8,2.3,"1,2",-2,0.6920593189707087
sample_1_ref_4_8,2.3,"1,3",-2,0.7667441923734092
sample_1_ref_4_8,2.3,"1,4",-2,0.7329774103884096
sample_1_ref_4_8,2.3,"1,5",-2,0.6395403765633803
sample_1_ref_4_8,2.3,"1,6",-2,0.843995038449717
sample_1_ref_4_8,2.3,"2,3",-2,0.6218209181197207
sample_1_ref_4_8,2.3,"2,4",-2,0.6246269184633639
sample_1_ref_4_8,2.3,"2,5",-2,0.7059334325933415
sample_1_ref_4_8,2.3,"2,6",-2,0.6076659453797707
sample_1_ref_4_8,2.3,"3,4",-2,0.6538963063654402
sample_1_ref_4_8,2.3,"3,5",-2,0.7312807623162988
sample_1_ref_4_8,2.3,"3,6",-2,0.7487321015380666
sample_1_ref_4_8,2.3,"4,5",-2,0.6599599293404739
sample_1_ref_4_8,2.3,"4,6",-2,0.6766629006037124
sample_1_ref_4_8,2.3,"5,6",-2,0.7581168735664496
sample_1_ref_4_8,2.4,"1,2",-2,0.7517471340568119
sample_1_ref_4_8,2.4,"1,3",-2,0.7704930232810625
sample_1_ref_4_8,2.4,"1,4",-2,0.6708597400761631
sample_1_ref_4_8,2.4,"1,5",-2,0.8070713675269984
sample_1_ref_4_8,2.4,"1,6",-2,0.7671832264753496
sample_1_ref_4_8,2.4,"2,3",-2,0.8242254713508338
sample_1_ref_4_8,2.4,"2,4",-2,0.790220368331395
sample_1_ref_4_8,2.4,"2,5",-2,0.8119846224777018
sample_1_ref_4_8,2.4,"2,6",-2,0.76666735074702
sample_1_ref_4_8,2.4,"3,4",-2,0.7767188982217297
sample_1_ref_4_8,2.4,"3,5",-2,0.7861906902484391
sample_1_ref_4_8,2.4,"3,6",-2,0.8535479953344839
sample_1_ref_4_8,2.4,"4,5",-2,0.836685931117395
sample_1_ref_4_8,2.4,"4,6",-2,0.819564413303172
sample_1_ref_4_8,2.4,"5,6",-2,0.7578882931847043
sample_1_ref_4_8,2.5,"1,2",-2,0.6191266350238861
sample_1_ref_4_8,2.5,"1,3",-2,0.7123708319110117
sample_1_ref_4_8,2.5,"1,4",-2,0.6936521855388721
sample_1_ref_4_8,2.5,"1,5",-2,0.7215429614908393
sample_1_ref_4_8,2.5,"1,6",-2,0.7177465068765914
sample_1_ref_4_8,2.5,"2,3",-2,0.7787339501205344
sample_1_ref_4_8,2.5,"2,4",-2,0.8423139879087472
sample_1_ref_4_8,2.5,"2,5",-2,0.811390442156769
sample_1_ref_4_8,2.5,"2,6",-2,0.741634450329413
sample_1_ref_4_8,2.5,"3,4",-2,0.8682946896102904
sample_1_ref_4_8,2.5,"3,5",-2,0.7403991808496849
sample_1_ref_4_8,2.5,"3,6",-2,0.8529628985809691
sample_1_ref_4_8,2.5,"4,5",-2,0.8727502362079957
sample_1_ref_4_8,2.5,"4,6",-2,0.7343226286013248
sample_1_ref_4_8,2.5,"5,6",-2,0.8619033678192393
sample_1_ref_4_8,2.6,"1,2",-2,0.7431638353198954
sample_1_ref_4_8,2.6,"1,3",-2,0.7088033036338937
sample_1_ref_4_8,2.6,"1,4",-2,0.6355263433781377
sample_1_ref_4_8,2.6,"1,5",-2,0.836620364697943
sample_1_ref_4_8,2.6,"1,6",-2,0.71143851756262
sample_1_ref_4_8,2.6,"2,3",-2,0.8142439694318764
sample_1_ref_4_8,2.6,"2,4",-2,0.7699601750790855
sample_1_ref_4_8,2.6,"2,5",-2,0.6569965861495081
sample_1_ref_4_8,2.6,"2,6",-2,0.6984940541787773
sample_1_ref_4_8,2.6,"3,4",-2,0.855186676674643
sample_1_ref_4_8,2.6,"3,5",-2,0.8151817996949869
sample_1_ref_4_8,2.6,"3,6",-2,0.8168381964097667
sample_1_ref_4_8,2.6,"4,5",-2,0.8017208234070078
sample_1_ref_4_8,2.6,"4,6",-2,0.8277624800334168
sample_1_ref_4_8,2.6,"5,6",-2,0.6686699478067728
sample_1_ref_4_8,2.7,"1,2",-2,0.8252469370972798
sample_1_ref_4_8,2.7,"1,3",-2,0.8353972058575561
sample_1_ref_4_8,2.7,"1,4",-2,0.7662339995362332
sample_1_ref_4_8,2.7,"1,5",-2,0.7889129551317084
sample_1_ref_4_8,2.7,"1,6",-2,0.6957645375238782
sample_1_ref_4_8,2.7,"2,3",-2,0.8007415188333864
sample_1_ref_4_8,2.7,"2,4",-2,0.7909504889078249
sample_1_ref_4_8,2.7,"2,5",-2,0.8288860820274051
sample_1_ref_4_8,2.7,"2,6",-2,0.8600189067767594
sample_1_ref_4_8,2.7,"3,4",-2,0.8558459238665087
sample_1_ref_4_8,2.7,"3,5",-2,0.7633942950292161
sample_1_ref_4_8,2.7,"3,6",-2,0.7547973599299561
sample_1_ref_4_8,2.7,"4,5",-2,0.7919543718122238
sample_1_ref_4_8,2.7,"4,6",-2,0.7624086431948298
sample_1_ref_4_8,2.7,"5,6",-2,0.810768975726882
sample_1_ref_4_8,2.8,"1,2",-2,0.697371462536793
sample_1_ref_4_8,2.8,"1,3",-2,0.8052542026174893
sample_1_ref_4_8,2.8,"1,4",-2,0.8572312548428306
sample_1_ref_4_8,2.8,"1,5",-2,0.8608817767004735
sample_1_ref_4_8,2.8,"1,6",-2,0.8391358113677615
sample_1_ref_4_8,2.8,"2,3",-2,0.7886442464817585
sample_1_ref_4_8,2.8,"2,4",-2,0.5758247634729624
sample_1_ref_4_8,2.8,"2,5",-2,0.623533129218486
sample_1_ref_4_8,2.8,"2,6",-2,0.6528655720724921
sample_1_ref_4_8,2.8,"3,4",-2,0.777924710243999
sample_1_ref_4_8,2.8,"3,5",-2,0.803510528485029
sample_1_ref_4_8,2.8,"3,6",-2,0.7838944735004959
sample_1_ref_4_8,2.8,"4,5",-2,0.8875433442295775
sample_1_ref_4_8,2.8,"4,6",-2,0.8538830008196191
sample_1_ref_4_8,2.8,"5,6",-2,0.7461452735811192
sample_1_ref_4_8,2.9,"1,2",-2,0.6382030114629894
sample_1_ref_4_8,2.9,"1,3",-2,0.7449801208465116
sample_1_ref_4_8,2.9,"1,4",-2,0.8021187022500635
sample_1_ref_4_8,2.9,"1,5",-2,0.8085716387845893
sample_1_ref_4_8,2.9,"1,6",-2,0.6888584235618417
sample_1_ref_4_8,2.9,"2,3",-2,0.8042037097133279
sample_1_ref_4_8,2.9,"2,4",-2,0.8226538001487539
sample_1_ref_4_8,2.9,"2,5",-2,0.8418245836715327
sample_1_ref_4_8,2.9,"2,6",-2,0.7493350013010347
sample_1_ref_4_8,2.9,"3,4",-2,0.8219756481192295
sample_1_ref_4_8,2.9,"3,5",-2,0.8002153143493125
sample_1_ref_4_8,2.9,"3,6",-2,0.8387865300146782
sample_1_ref_4_8,2.9,"4,5",-2,0.702090565961412
sample_1_ref_4_8,2.9,"4,6",-2,0.7493449503508937
sample_1_ref_4_8,2.9,"5,6",-2,0.8392889241015995
sample_1_ref_4_8,3.0,"1,2",-2,0.6727553465138288
sample_1_ref_4_8,3.0,"1,3",-2,0.5684165135278493
sample_1_ref_4_8,3.0,"1,4",-2,0.7941816590538856
sample_1_ref_4_8,3.0,"1,5",-2,0.8247487128041392
sample_1_ref_4_8,3.0,"1,6",-2,0.8120187764160751
sample_1_ref_4_8,3.0,"2,3",-2,0.7277056155440501
sample_1_ref_4_8,3.0,"2,4",-2,0.6387754772038403
sample_1_ref_4_8,3.0,"2,5",-2,0.6923223845427964
sample_1_ref_4_8,3.0,"2,6",-2,0.754998971597592
sample_1_ref_4_8,3.0,"3,4",-2,0.7401129398938936
sample_1_ref_4_8,3.0,"3,5",-2,0.804208851592981
sample_1_ref_4_8,3.0,"3,6",-2,0.7765872827048697
sample_1_ref_4_8,3.0,"4,5",-2,0.835564426644941
sample_1_ref_4_8,3.0,"4,6",-2,0.8444556665418782
sample_1_ref_4_8,3.0,"5,6",-2,0.855977721251054
sample_1_ref_4_8,3.1,"1,2",-2,0.7875325914082659
sample_1_ref_4_8,3.1,"1,3",-2,0.848900763306479
sample_1_ref_4_8,3.1,"1,4",-2,0.7990891515800762
sample_1_ref_4_8,3.1,"1,5",-2,0.7957825116954932
sample_1_ref_4_8,3.1,"1,6",-2,0.7135094717251698
sample_1_ref_4_8,3.1,"2,3",-2,0.6220349391532547
sample_1_ref_4_8,3.1,"2,4",-2,0.7216986473392659
sample_1_ref_4_8,3.1,"2,5",-2,0.6793084559239903
sample_1_ref_4_8,3.1,"2,6",-2,0.7719224307377125
sample_1_ref_4_8,3.1,"3,4",-2,0.7099353973412795
sample_1_ref_4_8,3.1,"3,5",-2,0.6643704219754079
sample_1_ref_4_8,3.1,"3,6",-2,0.6735037252591578
sample_1_ref_4_8,3.1,"4,5",-2,0.7778414369624657
sample_1_ref_4_8,3.1,"4,6",-2,0.7694032469333562
sample_1_ref_4_8,3.1,"5,6",-2,0.8152436553219127
sample_1_ref_4_8,3.2,"1,2",-2,0.7092552709814323
sample_1_ref_4_8,3.2,"1,3",-2,0.8672202208846351
sample_1_ref_4_8,3.2,"1,4",-2,0.8097435119141504
sample_1_ref_4_8,3.2,"1,5",-2,0.8201951437806375
sample_1_ref_4_8,3.2,"1,6",-2,0.7946187564565765
sample_1_ref_4_8,3.2,"2,3",-2,0.8724293698457237
sample_1_ref_4_8,3.2,"2,4",-2,0.847581812615245
sample_1_ref_4_8,3.2,"2,5",-2,0.7553752555493694
sample_1_ref_4_8,3.2,"2,6",-2,0.847179869351817
sample_1_ref_4_8,3.2,"3,4",-2,0.8130149891277383
sample_1_ref_4_8,3.2,"3,5",-2,0.8635087808682397
sample_1_ref_4_8,3.2,"3,6",-2,0.7462292154694676
sample_1_ref_4_8,3.2,"4,5",-2,0.715439296677923
sample_1_ref_4_8,3.2,"4,6",-2,0.8615373625810113
sample_1_ref_4_8,3.2,"5,6",-2,0.8017125761623122
sample_1_ref_4_8,3.3,"1,2",-2,0.7974865386394239
sample_1_ref_4_8,3.3,"1,3",-2,0.8329226257266663
sample_1_ref_4_8,3.3,"1,4",-2,0.8289996563185041
sample_1_ref_4_8,3.3,"1,5",-2,0.7677179727945901
sample_1_ref_4_8,3.3,"1,6",-2,0.7805513645702262
sample_1_ref_4_8,3.3,"2,3",-2,0.7279765876080937
sample_1_ref_4_8,3.3,"2,4",-2,0.766842084860609
sample_1_ref_4_8,3.3,"2,5",-2,0.7490473775752134
sample_1_ref_4_8,3.3,"2,6",-2,0.8068487619815845
sample_1_ref_4_8,3.3,"3,4",-2,0.6997221685977527
sample_1_ref_4_8,3.3,"3,5",-2,0.7154689340442175
sample_1_ref_4_8,3.3,"3,6",-2,0.7517130891043969
sample_1_ref_4_8,3.3,"4,5",-2,0.716295656554758
sample_1_ref_4_8,3.3,"4,6",-2,0.7610991054946279
sample_1_ref_4_8,3.3,"5,6",-2,0.6511318815203316
sample_1_ref_4_8,3.4,"1,2",-2,0.8031262141781618
sample_1_ref_4_8,3.4,"1,3",-2,0.7324350629771463
sample_1_ref_4_8,3.4,"1,4",-2,0.6761532832271765
sample_1_ref_4_8,3.4,"1,5",-2,0.7565919992867841
sample_1_ref_4_8,3.4,"1,6",-2,0.7164439882971424
sample_1_ref_4_8,3.4,"2,3",-2,0.8506433051977825
sample_1_ref_4_8,3.4,"2,4",-2,0.8404553753062833
sample_1_ref_4_8,3.4,"2,5",-2,0.8593877939196887
sample_1_ref_4_8,3.4,"2,6",-2,0.8415109920979225
sample_1_ref_4_8,3.4,"3,4",-2,0.6837961425211365
sample_1_ref_4_8,3.4,"3,5",-2,0.7539835166033542
sample_1_ref_4_8,3.4,"3,6",-2,0.7899340805282073
sample_1_ref_4_8,3.4,"4,5",-2,0.8224380395554962
sample_1_ref_4_8,3.4,"4,6",-2,0.8090814113675164
sample_1_ref_4_8,3.4,"5,6",-2,0.8205811463559494
sample_1_ref_4_8,3.5,"1,2",-2,0.7904619720758174
sample_1_ref_4_8,3.5,"1,3",-2,0.8274483787761934
sample_1_ref_4_8,3.5,"1,4",-2,0.7773856014181463
sample_1_ref_4_8,3.5,"1,5",-2,0.7466961784469333
sample_1_ref_4_8,3.5,"1,6",-2,0.6685921258027874
sample_1_ref_4_8,3.5,"2,3",-2,0.7770716587691281
sample_1_ref_4_8,3.5,"2,4",-2,0.8542479862932886
sample_1_ref_4_8,3.5,"2,5",-2,0.8383706372845052
sample_1_ref_4_8,3.5,"2,6",-2,0.8770701390172855
sample_1_ref_4_8,3.5,"3,4",-2,0.7954963880456567
sample_1_ref_4_8,3.5,"3,5",-2,0.7256025671886271
sample_1_ref_4_8,3.5,"3,6",-2,0.6792968834945723
sample_1_ref_4_8,3.5,"4,5",-2,0.8577410564206249
sample_1_ref_4_8,3.5,"4,6",-2,0.8288947780751843
sample_1_ref_4_8,3.5,"5,6",-2,0.8389162563269659
sample_1_ref_4_8,3.6,"1,2",-2,0.7931185816315179
sample_1_ref_4_8,3.6,"1,3",-2,0.7599811262122965
sample_1_ref_4_8,3.6,"1,4",-2,0.8447005588329286
sample_1_ref_4_8,3.6,"1,5",-2,0.5858389971205151
sample_1_ref_4_8,3.6,"1,6",-2,0.8372870086458676
sample_1_ref_4_8,3.6,"2,3",-2,0.7946588750450753
sample_1_ref_4_8,3.6,"2,4",-2,0.7420843795196004
sample_1_ref_4_8,3.6,"2,5",-2,0.81679603064249
sample_1_ref_4_8,3.6,"2,6",-2,0.8042101487347487
sample_1_ref_4_8,3.6,"3,4",-2,0.7747276308097873
sample_1_ref_4_8,3.6,"3,5",-2,0.8437827349932078
sample_1_ref_4_8,3.6,"3,6",-2,0.7641010018314652
sample_1_ref_4_8,3.6,"4,5",-2,0.8011018143156684
sample_1_ref_4_8,3.6,"4,6",-2,0.834642378051555
sample_1_ref_4_8,3.6,"5,6",-2,0.7450628502358941
sample_1_ref_4_8,3.7,"1,2",-2,0.644277345904035
sample_1_ref_4_8,3.7,"1,3",-2,0.7334115942285694
sample_1_ref_4_8,3.7,"1,4",-2,0.6967419228350271
sample_1_ref_4_8,3.7,"1,5",-2,0.6936286591633377
sample_1_ref_4_8,3.7,"1,6",-2,0.707244943251303
sample_1_ref_4_8,3.7,"2,3",-2,0.740836917926042
sample_1_ref_4_8,3.7,"2,4",-2,0.8127097798953253
sample_1_ref_4_8,3.7,"2,5",-2,0.8057666229451539
sample_1_ref_4_8,3.7,"2,6",-2,0.7669388929720915
sample_1_ref_4_8,3.7,"3,4",-2,0.7992182053689934
sample_1_ref_4_8,3.7,"3,5",-2,0.7948364504927691
sample_1_ref_4_8,3.7,"3,6",-2,0.8114894280719575
sample_1_ref_4_8,3.7,"4,5",-2,0.8636004875475407
sample_1_ref_4_8,3.7,"4,6",-2,0.8494158651673285
sample_1_ref_4_8,3.7,"5,6",-2,0.8393029862127339
sample_1_ref_4_8,3.8,"1,2",-2,0.7653932875636315
sample_1_ref_4_8,3.8,"1,3",-2,0.8131633180886295
sample_1_ref_4_8,3.8,"1,4",-2,0.813899278015732
sample_1_ref_4_8,3.8,"1,5",-2,0.7715441222728008
sample_1_ref_4_8,3.8,"1,6",-2,0.847918347598929
sample_1_ref_4_8,3.8,"2,3",-2,0.7290520857310419
sample_1_ref_4_8,3.8,"2,4",-2,0.6611156899153793
sample_1_ref_4_8,3.8,"2,5",-2,0.774741796988359
sample_1_ref_4_8,3.8,"2,6",-2,0.7575047853920536
sample_1_ref_4_8,3.8,"3,4",-2,0.7636800020760118
sample_1_ref_4_8,3.8,"3,5",-2,0.7789342833057823
sample_1_ref_4_8,3.8,"3,6",-2,0.6958612007217982
sample_1_ref_4_8,3.8,"4,5",-2,0.7995233498851283
sample_1_ref_4_8,3.8,"4,6",-2,0.8034687106449836
sample_1_ref_4_8,3.8,"5,6",-2,0.8380917335652618
sample_1_ref_4_8,3.9,"1,2",-2,0.7278856261918548
sample_1_ref_4_8,3.9,"1,3",-2,0.7295886934506346
sample_1_ref_4_8,3.9,"1,4",-2,0.7258994866830154
sample_1_ref_4_8,3.9,"1,5",-2,0.7507201780479368
sample_1_ref_4_8,3.9,"1,6",-2,0.7945709341668546
sample_1_ref_4_8,3.9,"2,3",-2,0.7964987275270291
sample_1_ref_4_8,3.9,"2,4",-2,0.7705083194226148
sample_1_ref_4_8,3.9,"2,5",-2,0.8524175256812809
sample_1_ref_4_8,3.9,"2,6",-2,0.7847172728732484
sample_1_ref_4_8,3.9,"3,4",-2,0.8014968793370675
sample_1_ref_4_8,3.9,"3,5",-2,0.822535728079853
sample_1_ref_4_8,3.9,"3,6",-2,0.7819139207622336
sample_1_ref_4_8,3.9,"4,5",-2,0.8299166189125023
sample_1_ref_4_8,3.9,"4,6",-2,0.7836818536469848
sample_1_ref_4_8,3.9,"5,6",-2,0.7929391014004736
sample_1_ref_4_8,4.0,"1,2",-2,0.8598028118743768
sample_1_ref_4_8,4.0,"1,3",-2,0.817493490589901
sample_1_ref_4_8,4.0,"1,4",-2,0.6982401084434149
sample_1_ref_4_8,4.0,"1,5",-2,0.7556991825532862
sample_1_ref_4_8,4.0,"1,6",-2,0.6955428689901998
sample_1_ref_4_8,4.0,"2,3",-2,0.7342923312788115
sample_1_ref_4_8,4.0,"2,4",-2,0.8052585404627564
sample_1_ref_4_8,4.0,"2,5",-2,0.6485578159392312
sample_1_ref_4_8,4.0,"2,6",-2,0.78855881451554
sample_1_ref_4_8,4.0,"3,4",-2,0.8655026212076772
sample_1_ref_4_8,4.0,"3,5",-2,0.8175744118674247
sample_1_ref_4_8,4.0,"3,6",-2,0.833843813487573
sample_1_ref_4_8,4.0,"4,5",-2,0.862535267302407
sample_1_ref_4_8,4.0,"4,6",-2,0.8691522783206106
sample_1_ref_4_8,4.0,"5,6",-2,0.8241154846689541
sample_1_ref_4_8,4.1,"1,2",-2,0.8473345480506176
sample_1_ref_4_8,4.1,"1,3",-2,0.7590249535058425
sample_1_ref_4_8,4.1,"1,4",-2,0.7808596855382303
sample_1_ref_4_8,4.1,"1,5",-2,0.8113919057331705
sample_1_ref_4_8,4.1,"1,6",-2,0.8117194452046909
sample_1_ref_4_8,4.1,"2,3",-2,0.7002888577270517
sample_1_ref_4_8,4.1,"2,4",-2,0.7738324052916575
sample_1_ref_4_8,4.1,"2,5",-2,0.750203945123742
sample_1_ref_4_8,4.1,"2,6",-2,0.7986018571064748
sample_1_ref_4_8,4.1,"3,4",-2,0.7885067503487384
sample_1_ref_4_8,4.1,"3,5",-2,0.7580828057061623
sample_1_ref_4_8,4.1,"3,6",-2,0.8281031854517598
sample_1_ref_4_8,4.1,"4,5",-2,0.8735987169211342
sample_1_ref_4_8,4.1,"4,6",-2,0.8451753416705198
sample_1_ref_4_8,4.1,"5,6",-2,0.8838851121354613
sample_1_ref_4_8,4.2,"1,2",-2,0.6517571309450004
sample_1_ref_4_8,4.2,"1,3",-2,0.7516437990705841
sample_1_ref_4_8,4.2,"1,4",-2,0.6848946472888497
sample_1_ref_4_8,4.2,"1,5",-2,0.6612796154809062
sample_1_ref_4_8,4.2,"1,6",-2,0.7376036192001199
sample_1_ref_4_8,4.2,"2,3",-2,0.7351115618930864
sample_1_ref_4_8,4.2,"2,4",-2,0.7069046684283598
sample_1_ref_4_8,4.2,"2,5",-2,0.6925552356487628
sample_1_ref_4_8,4.2,"2,6",-2,0.6637105165374854
sample_1_ref_4_8,4.2,"3,4",-2,0.685558824990217
sample_1_ref_4_8,4.2,"3,5",-2,0.8052664452629192
sample_1_ref_4_8,4.2,"3,6",-2,0.819368073469062
sample_1_ref_4_8,4.2,"4,5",-2,0.8337989830201931
sample_1_ref_4_8,4.2,"4,6",-2,0.7503576151150932
sample_1_ref_4_8,4.2,"5,6",-2,0.8184059444641919
sample_1_ref_4_8,4.3,"1,2",-2,0.8672314619238468
sample_1_ref_4_8,4.3,"1,3",-2,0.6667235987374339
sample_1_ref_4_8,4.3,"1,4",-2,0.6943476645541751
sample_1_ref_4_8,4.3,"1,5",-2,0.7877738289512237
sample_1_ref_4_8,4.3,"1,6",-2,0.8450912287052145
sample_1_ref_4_8,4.3,"2,3",-2,0.8101715865573018
sample_1_ref_4_8,4.3,"2,4",-2,0.8336030732649199
sample_1_ref_4_8,4.3,"2,5",-2,0.6807193276028004
sample_1_ref_4_8,4.3,"2,6",-2,0.8055042436776597
sample_1_ref_4_8,4.3,"3,4",-2,0.811532071267221
sample_1_ref_4_8,4.3,"3,5",-2,0.8488884361394492
sample_1_ref_4_8,4.3,"3,6",-2,0.8046517452853138
sample_1_ref_4_8,4.3,"4,5",-2,0.852075592437987
sample_1_ref_4_8,4.3,"4,6",-2,0.8036665491791554
sample_1_ref_4_8,4.3,"5,6",-2,0.7971929307258308
sample_1_ref_4_8,4.4,"1,2",-2,0.7303864767002703
sample_1_ref_4_8,4.4,"1,3",-2,0.7577225400690399
sample_1_ref_4_8,4.4,"1,4",-2,0.7287289300148088
sample_1_ref_4_8,4.4,"1,5",-2,0.6872494630100212
sample_1_ref_4_8,4.4,"1,6",-2,0.6639835476040312
sample_1_ref_4_8,4.4,"2,3",-2,0.6962662362766944
sample_1_ref_4_8,4.4,"2,4",-2,0.8219010991369564
sample_1_ref_4_8,4.4,"2,5",-2,0.7686149849184395
sample_1_ref_4_8,4.4,"2,6",-2,0.8125261967935341
sample_1_ref_4_8,4.4,"3,4",-2,0.7669056501180236
sample_1_ref_4_8,4.4,"3,5",-2,0.8269014987472113
sample_1_ref_4_8,4.4,"3,6",-2,0.8558302977649481
sample_1_ref_4_8,4.4,"4,5",-2,0.8098032928348006
sample_1_ref_4_8,4.4,"4,6",-2,0.871308773176425
sample_1_ref_4_8,4.4,"5,6",-2,0.7604852440551094
sample_1_ref_4_8,4.5,"1,2",-2,0.7629797314818981
sample_1_ref_4_8,4.5,"1,3",-2,0.7215476694593697
sample_1_ref_4_8,4.5,"1,4",-2,0.7042610905810227
sample_1_ref_4_8,4.5,"1,5",-2,0.7685192934141125
sample_1_ref_4_8,4.5,"1,6",-2,0.7136914127842969
sample_1_ref_4_8,4.5,"2,3",-2,0.7158992244808373
sample_1_ref_4_8,4.5,"2,4",-2,0.8222017617313244
sample_1_ref_4_8,4.5,"2,5",-2,0.8530445756750943
sample_1_ref_4_8,4.5,"2,6",-2,0.8609721838841156
sample_1_ref_4_8,4.5,"3,4",-2,0.8109677075671097
sample_1_ref_4_8,4.5,"3,5",-2,0.8484031179558348
sample_1_ref_4_8,4.5,"3,6",-2,0.849652114407234
sample_1_ref_4_8,4.5,"4,5",-2,0.8340783720096453
sample_1_ref_4_8,4.5,"4,6",-2,0.8616862841181666
sample_1_ref_4_8,4.5,"5,6",-2,0.8813001289173855
sample_1_ref_4_8,4.6,"1,2",-2,0.8005555682453216
sample_1_ref_4_8,4.6,"1,3",-2,0.7432285720776795
sample_1_ref_4_8,4.6,"1,4",-2,0.8345822665299731
sample_1_ref_4_8,4.6,"1,5",-2,0.8363471228364242
sample_1_ref_4_8,4.6,"1,6",-2,0.8387841353116824
sample_1_ref_4_8,4.6,"2,3",-2,0.801875947898355
sample_1_ref_4_8,4.6,"2,4",-2,0.8087979205798284
sample_1_ref_4_8,4.6,"2,5",-2,0.7762317915709653
sample_1_ref_4_8,4.6,"2,6",-2,0.7641811896781042
sample_1_ref_4_8,4.6,"3,4",-2,0.7893197085733408
sample_1_ref_4_8,4.6,"3,5",-2,0.7782939991192
sample_1_ref_4_8,4.6,"3,6",-2,0.8088572498691474
sample_1_ref_4_8,4.6,"4,5",-2,0.866039625600773
sample_1_ref_4_8,4.6,"4,6",-2,0.8749080038459635
sample_1_ref_4_8,4.6,"5,6",-2,0.8318029134419511
sample_1_ref_4_8,4.7,"1,2",-2,0.713357083640071
sample_1_ref_4_8,4.7,"1,3",-2,0.5856626746722623
sample_1_ref_4_8,4.7,"1,4",-2,0.8123586751034225
sample_1_ref_4_8,4.7,"1,5",-2,0.7178408614023514
sample_1_ref_4_8,4.7,"1,6",-2,0.7730440890212411
sample_1_ref_4_8,4.7,"2,3",-2,0.8036804365676612
sample_1_ref_4_8,4.7,"2,4",-2,0.8570920772061023
sample_1_ref_4_8,4.7,"2,5",-2,0.8316561981693718
sample_1_ref_4_8,4.7,"2,6",-2,0.8279133351918556
sample_1_ref_4_8,4.7,"3,4",-2,0.7713862968733072
sample_1_ref_4_8,4.7,"3,5",-2,0.8831643832514264
sample_1_ref_4_8,4.7,"3,6",-2,0.7935470669207634
sample_1_ref_4_8,4.7,"4,5",-2,0.819198870317857
sample_1_ref_4_8,4.7,"4,6",-2,0.8247434148612479
sample_1_ref_4_8,4.7,"5,6",-2,0.8605566169297981
sample_1_ref_4_8,4.8,"1,2",-2,0.8458807061082044
sample_1_ref_4_8,4.8,"1,3",-2,0.7715835078721348
sample_1_ref_4_8,4.8,"1,4",-2,0.8057290918349398
sample_1_ref_4_8,4.8,"1,5",-2,0.7713422045034518
sample_1_ref_4_8,4.8,"1,6",-2,0.7614602673250175
sample_1_ref_4_8,4.8,"2,3",-2,0.7346054252295036
sample_1_ref_4_8,4.8,"2,4",-2,0.8422657304005878
sample_1_ref_4_8,4.8,"2,5",-2,0.8655013954608921
sample_1_ref_4_8,4.8,"2,6",-2,0.7779669823251072
sample_1_ref_4_8,4.8,"3,4",-2,0.8249623794476705
sample_1_ref_4_8,4.8,"3,5",-2,0.7876216612025331
sample_1_ref_4_8,4.8,"3,6",-2,0.8708536995002042
sample_1_ref_4_8,4.8,"4,5",-2,0.7859861728745359
sample_1_ref_4_8,4.8,"4,6",-2,0.8489365377705618
sample_1_ref_4_8,4.8,"5,6",-2,0.7965633700162282
sample_1_ref_4_8,4.9,"1,2",-2,0.7257825183576139
sample_1_ref_4_8,4.9,"1,3",-2,0.7711739703349376
sample_1_ref_4_8,4.9,"1,4",-2,0.8109227780114083
sample_1_ref_4_8,4.9,"1,5",-2,0.8300993157043367
sample_1_ref_4_8,4.9,"1,6",-2,0.8260804107653325
sample_1_ref_4_8,4.9,"2,3",-2,0.7714526014451716
sample_1_ref_4_8,4.9,"2,4",-2,0.7387523750337173
sample_1_ref_4_8,4.9,"2,5",-2,0.7567807330636921
sample_1_ref_4_8,4.9,"2,6",-2,0.7007056435979329
sample_1_ref_4_8,4.9,"3,4",-2,0.7496402279599018
sample_1_ref_4_8,4.9,"3,5",-2,0.7506529197335882
sample_1_ref_4_8,4.9,"3,6",-2,0.7255144714986468
sample_1_ref_4_8,4.9,"4,5",-2,0.7875532959328749
sample_1_ref_4_8,4.9,"4,6",-2,0.8106835613860469
sample_1_ref_4_8,4.9,"5,6",-2,0.8318338549194805
sample_1_ref_4_8,5.0,"1,2",-2,0.7635013258504232
sample_1_ref_4_8,5.0,"1,3",-2,0.8249022708424467
sample_1_ref_4_8,5.0,"1,4",-2,0.8389366471073164
sample_1_ref_4_8,5.0,"1,5",-2,0.7551363223319387
sample_1_ref_4_8,5.0,"1,6",-2,0.7364819843401725
sample_1_ref_4_8,5.0,"2,3",-2,0.6849962860059218
sample_1_ref_4_8,5.0,"2,4",-2,0.6440820830616961
sample_1_ref_4_8,5.0,"2,5",-2,0.7532978128112149
sample_1_ref_4_8,5.0,"2,6",-2,0.7530718575229884
sample_1_ref_4_8,5.0,"3,4",-2,0.784759532357551
sample_1_ref_4_8,5.0,"3,5",-2,0.731593279705091
sample_1_ref_4_8,5.0,"3,6",-2,0.806141984249217
sample_1_ref_4_8,5.0,"4,5",-2,0.7402609689012277
sample_1_ref_4_8,5.0,"4,6",-2,0.7630174147392582
sample_1_ref_4_8,5.0,"5,6",-2,0.8445610949533617
sample_1_ref_4_8,0.1,"1,2",-3,0.4373358428433131
sample_1_ref_4_8,0.1,"1,3",-3,0.4061871760853527
sample_1_ref_4_8,0.1,"1,4",-3,0.5160766264055835
sample_1_ref_4_8,0.1,"1,5",-3,0.548616952450329
sample_1_ref_4_8,0.1,"1,6",-3,0.34484525245070213
sample_1_ref_4_8,0.1,"2,3",-3,0.2660429755654622
sample_1_ref_4_8,0.1,"2,4",-3,0.7889725175234326
sample_1_ref_4_8,0.1,"2,5",-3,0.743771139426693
sample_1_ref_4_8,0.1,"2,6",-3,0.693615502397792
sample_1_ref_4_8,0.1,"3,4",-3,0.8241066624494882
sample_1_ref_4_8,0.1,"3,5",-3,0.8290384299599584
sample_1_ref_4_8,0.1,"3,6",-3,0.7046054818525077
sample_1_ref_4_8,0.1,"4,5",-3,0.3390596290784136
sample_1_ref_4_8,0.1,"4,6",-3,0.8381731089425575
sample_1_ref_4_8,0.1,"5,6",-3,0.7185117696440816
sample_1_ref_4_8,0.2,"1,2",-3,0.3565277053864829
sample_1_ref_4_8,0.2,"1,3",-3,0.3005923619802735
sample_1_ref_4_8,0.2,"1,4",-3,0.418682369461509
sample_1_ref_4_8,0.2,"1,5",-3,0.6164818562367904
sample_1_ref_4_8,0.2,"1,6",-3,0.4299471115460702
sample_1_ref_4_8,0.2,"2,3",-3,0.32362044311821364
sample_1_ref_4_8,0.2,"2,4",-3,0.4247994808618371
sample_1_ref_4_8,0.2,"2,5",-3,0.7708046572979634
sample_1_ref_4_8,0.2,"2,6",-3,0.45150630039595463
sample_1_ref_4_8,0.2,"3,4",-3,0.4138544985993385
sample_1_ref_4_8,0.2,"3,5",-3,0.7063719145150033
sample_1_ref_4_8,0.2,"3,6",-3,0.47283631641580054
sample_1_ref_4_8,0.2,"4,5",-3,0.82776323101922
sample_1_ref_4_8,0.2,"4,6",-3,0.5458243410442457
sample_1_ref_4_8,0.2,"5,6",-3,0.7576801061524794
sample_1_ref_4_8,0.3,"1,2",-3,0.32675024782116974
sample_1_ref_4_8,0.3,"1,3",-3,0.3145629221202919
sample_1_ref_4_8,0.3,"1,4",-3,0.4063425584568577
sample_1_ref_4_8,0.3,"1,5",-3,0.43063872490191446
sample_1_ref_4_8,0.3,"1,6",-3,0.6333815694684285
sample_1_ref_4_8,0.3,"2,3",-3,0.29219444460555033
sample_1_ref_4_8,0.3,"2,4",-3,0.381117239350674
sample_1_ref_4_8,0.3,"2,5",-3,0.31243441569964764
sample_1_ref_4_8,0.3,"2,6",-3,0.6415986921737804
sample_1_ref_4_8,0.3,"3,4",-3,0.418132581880252
sample_1_ref_4_8,0.3,"3,5",-3,0.37761497328225807
sample_1_ref_4_8,0.3,"3,6",-3,0.6704814791924183
sample_1_ref_4_8,0.3,"4,5",-3,0.4055713237447726
sample_1_ref_4_8,0.3,"4,6",-3,0.848406863676642
sample_1_ref_4_8,0.3,"5,6",-3,0.8282979894999223
sample_1_ref_4_8,0.4,"1,2",-3,0.35794126347118044
sample_1_ref_4_8,0.4,"1,3",-3,0.38071163726294227
sample_1_ref_4_8,0.4,"1,4",-3,0.47204145998150926
sample_1_ref_4_8,0.4,"1,5",-3,0.4696245207622981
sample_1_ref_4_8,0.4,"1,6",-3,0.3917802209302216
sample_1_ref_4_8,0.4,"2,3",-3,0.3714840992244006
sample_1_ref_4_8,0.4,"2,4",-3,0.6214054827450702
sample_1_ref_4_8,0.4,"2,5",-3,0.5930256005227708
sample_1_ref_4_8,0.4,"2,6",-3,0.5212015692025346
sample_1_ref_4_8,0.4,"3,4",-3,0.6063301770741356
sample_1_ref_4_8,0.4,"3,5",-3,0.5225648529397898
sample_1_ref_4_8,0.4,"3,6",-3,0.5219916167132822
sample_1_ref_4_8,0.4,"4,5",-3,0.43051526964068587
sample_1_ref_4_8,0.4,"4,6",-3,0.6831216421318319
sample_1_ref_4_8,0.4,"5,6",-3,0.6822941976921225
sample_1_ref_4_8,0.5,"1,2",-3,0.39551247283907615
sample_1_ref_4_8,0.5,"1,3",-3,0.722844262963836
sample_1_ref_4_8,0.5,"1,4",-3,0.5638253389478624
sample_1_ref_4_8,0.5,"1,5",-3,0.4801709465581665
sample_1_ref_4_8,0.5,"1,6",-3,0.5414833624383716
sample_1_ref_4_8,0.5,"2,3",-3,0.7835373301194776
sample_1_ref_4_8,0.5,"2,4",-3,0.5627140602613814
sample_1_ref_4_8,0.5,"2,5",-3,0.5223110100594454
sample_1_ref_4_8,0.5,"2,6",-3,0.6074157078505156
sample_1_ref_4_8,0.5,"3,4",-3,0.8143156439772281
sample_1_ref_4_8,0.5,"3,5",-3,0.846311233751397
sample_1_ref_4_8,0.5,"3,6",-3,0.8220910746716403
sample_1_ref_4_8,0.5,"4,5",-3,0.7449441842610506
sample_1_ref_4_8,0.5,"4,6",-3,0.7751712661220519
sample_1_ref_4_8,0.5,"5,6",-3,0.6059655448245705
sample_1_ref_4_8,0.6,"1,2",-3,0.352264508150649
sample_1_ref_4_8,0.6,"1,3",-3,0.4903914251685914
sample_1_ref_4_8,0.6,"1,4",-3,0.7271376991682135
sample_1_ref_4_8,0.6,"1,5",-3,0.6313251285280176
sample_1_ref_4_8,0.6,"1,6",-3,0.6905976346979658
sample_1_ref_4_8,0.6,"2,3",-3,0.49594782767680584
sample_1_ref_4_8,0.6,"2,4",-3,0.8199709726816451
sample_1_ref_4_8,0.6,"2,5",-3,0.7136741542973022
sample_1_ref_4_8,0.6,"2,6",-3,0.7825621458883425
sample_1_ref_4_8,0.6,"3,4",-3,0.8174089940731614
sample_1_ref_4_8,0.6,"3,5",-3,0.7757377587646325
sample_1_ref_4_8,0.6,"3,6",-3,0.7794597344814108
sample_1_ref_4_8,0.6,"4,5",-3,0.5409058131437439
sample_1_ref_4_8,0.6,"4,6",-3,0.5654021223833787
sample_1_ref_4_8,0.6,"5,6",-3,0.5425737255377073
sample_1_ref_4_8,0.7,"1,2",-3,0.7041241801643633
sample_1_ref_4_8,0.7,"1,3",-3,0.5821773312661901
sample_1_ref_4_8,0.7,"1,4",-3,0.5419682598705505
sample_1_ref_4_8,0.7,"1,5",-3,0.6219843272711482
sample_1_ref_4_8,0.7,"1,6",-3,0.5373566686459776
sample_1_ref_4_8,0.7,"2,3",-3,0.684456071238154
sample_1_ref_4_8,0.7,"2,4",-3,0.7066469189841633
sample_1_ref_4_8,0.7,"2,5",-3,0.6607720862819244
sample_1_ref_4_8,0.7,"2,6",-3,0.7697356735661235
sample_1_ref_4_8,0.7,"3,4",-3,0.7089104091008238
sample_1_ref_4_8,0.7,"3,5",-3,0.8280337021456462
sample_1_ref_4_8,0.7,"3,6",-3,0.8033520778460332
sample_1_ref_4_8,0.7,"4,5",-3,0.6770015346259486
sample_1_ref_4_8,0.7,"4,6",-3,0.7393360299608067
sample_1_ref_4_8,0.7,"5,6",-3,0.815508208486206
sample_1_ref_4_8,0.8,"1,2",-3,0.758064021325063
sample_1_ref_4_8,0.8,"1,3",-3,0.662279402097042
sample_1_ref_4_8,0.8,"1,4",-3,0.593421978180275
sample_1_ref_4_8,0.8,"1,5",-3,0.49822406064113073
sample_1_ref_4_8,0.8,"1,6",-3,0.5984942618422793
sample_1_ref_4_8,0.8,"2,3",-3,0.7761947418613822
sample_1_ref_4_8,0.8,"2,4",-3,0.66092708201476
sample_1_ref_4_8,0.8,"2,5",-3,0.7158225714684522
sample_1_ref_4_8,0.8,"2,6",-3,0.7684121736695855
sample_1_ref_4_8,0.8,"3,4",-3,0.7663558691556499
sample_1_ref_4_8,0.8,"3,5",-3,0.8007897330099212
sample_1_ref_4_8,0.8,"3,6",-3,0.797785097922879
sample_1_ref_4_8,0.8,"4,5",-3,0.6400018591551544
sample_1_ref_4_8,0.8,"4,6",-3,0.7771502527386679
sample_1_ref_4_8,0.8,"5,6",-3,0.7505637784265021
sample_1_ref_4_8,0.9,"1,2",-3,0.5583635975220396
sample_1_ref_4_8,0.9,"1,3",-3,0.8338322616975319
sample_1_ref_4_8,0.9,"1,4",-3,0.8018186458516062
sample_1_ref_4_8,0.9,"1,5",-3,0.8715568529126537
sample_1_ref_4_8,0.9,"1,6",-3,0.8724596789658214
sample_1_ref_4_8,0.9,"2,3",-3,0.7605184261549366
sample_1_ref_4_8,0.9,"2,4",-3,0.8562494905761872
sample_1_ref_4_8,0.9,"2,5",-3,0.7871934764797506
sample_1_ref_4_8,0.9,"2,6",-3,0.7935886199304382
sample_1_ref_4_8,0.9,"3,4",-3,0.797060589773415
sample_1_ref_4_8,0.9,"3,5",-3,0.7202450372371165
sample_1_ref_4_8,0.9,"3,6",-3,0.7091352408082244
sample_1_ref_4_8,0.9,"4,5",-3,0.6992427685576005
sample_1_ref_4_8,0.9,"4,6",-3,0.7883933286533968
sample_1_ref_4_8,0.9,"5,6",-3,0.8317947056831715
sample_1_ref_4_8,1.0,"1,2",-3,0.6976806625342341
sample_1_ref_4_8,1.0,"1,3",-3,0.7526394298517773
sample_1_ref_4_8,1.0,"1,4",-3,0.6839723230758867
sample_1_ref_4_8,1.0,"1,5",-3,0.664477642736738
sample_1_ref_4_8,1.0,"1,6",-3,0.7266396535607148
sample_1_ref_4_8,1.0,"2,3",-3,0.7609539314190812
sample_1_ref_4_8,1.0,"2,4",-3,0.7473380188588405
sample_1_ref_4_8,1.0,"2,5",-3,0.8509203900044566
sample_1_ref_4_8,1.0,"2,6",-3,0.785924829233373
sample_1_ref_4_8,1.0,"3,4",-3,0.7932412357603426
sample_1_ref_4_8,1.0,"3,5",-3,0.7856894303418175
sample_1_ref_4_8,1.0,"3,6",-3,0.8046355258558788
sample_1_ref_4_8,1.0,"4,5",-3,0.8276296517598137
sample_1_ref_4_8,1.0,"4,6",-3,0.8364775662707535
sample_1_ref_4_8,1.0,"5,6",-3,0.7641856915211784
sample_1_ref_4_8,1.1,"1,2",-3,0.6280226057059342
sample_1_ref_4_8,1.1,"1,3",-3,0.6634999505423694
sample_1_ref_4_8,1.1,"1,4",-3,0.5977437522368658
sample_1_ref_4_8,1.1,"1,5",-3,0.6815019315805151
sample_1_ref_4_8,1.1,"1,6",-3,0.7062076044512023
sample_1_ref_4_8,1.1,"2,3",-3,0.8552699524035199
sample_1_ref_4_8,1.1,"2,4",-3,0.7395265623092993
sample_1_ref_4_8,1.1,"2,5",-3,0.817220019892945
sample_1_ref_4_8,1.1,"2,6",-3,0.8419617087465865
sample_1_ref_4_8,1.1,"3,4",-3,0.8011379887317687
sample_1_ref_4_8,1.1,"3,5",-3,0.7912783439332256
sample_1_ref_4_8,1.1,"3,6",-3,0.8181239373832455
sample_1_ref_4_8,1.1,"4,5",-3,0.8613855132834812
sample_1_ref_4_8,1.1,"4,6",-3,0.8338347717699917
sample_1_ref_4_8,1.1,"5,6",-3,0.6960203541305056
sample_1_ref_4_8,1.2,"1,2",-3,0.7421763524648152
sample_1_ref_4_8,1.2,"1,3",-3,0.7463427840787944
sample_1_ref_4_8,1.2,"1,4",-3,0.7920707160441907
sample_1_ref_4_8,1.2,"1,5",-3,0.8012135683101275
sample_1_ref_4_8,1.2,"1,6",-3,0.8312303451307472
sample_1_ref_4_8,1.2,"2,3",-3,0.8017278956044389
sample_1_ref_4_8,1.2,"2,4",-3,0.7542339242306179
sample_1_ref_4_8,1.2,"2,5",-3,0.7208708693438004
sample_1_ref_4_8,1.2,"2,6",-3,0.8012000109681214
sample_1_ref_4_8,1.2,"3,4",-3,0.8098010437671785
sample_1_ref_4_8,1.2,"3,5",-3,0.7524277314154859
sample_1_ref_4_8,1.2,"3,6",-3,0.7574127119705768
sample_1_ref_4_8,1.2,"4,5",-3,0.7675307952863334
sample_1_ref_4_8,1.2,"4,6",-3,0.8221506330492334
sample_1_ref_4_8,1.2,"5,6",-3,0.6178566749712499
sample_1_ref_4_8,1.3,"1,2",-3,0.4978094318418988
sample_1_ref_4_8,1.3,"1,3",-3,0.5784243846755394
sample_1_ref_4_8,1.3,"1,4",-3,0.7135045351550754
sample_1_ref_4_8,1.3,"1,5",-3,0.5581425218355329
sample_1_ref_4_8,1.3,"1,6",-3,0.5774267834053249
sample_1_ref_4_8,1.3,"2,3",-3,0.6888739727414704
sample_1_ref_4_8,1.3,"2,4",-3,0.8703662148728614
sample_1_ref_4_8,1.3,"2,5",-3,0.7757166228162151
sample_1_ref_4_8,1.3,"2,6",-3,0.70602221319187
sample_1_ref_4_8,1.3,"3,4",-3,0.8516590726782524
sample_1_ref_4_8,1.3,"3,5",-3,0.7777919796887597
sample_1_ref_4_8,1.3,"3,6",-3,0.779538324808727
sample_1_ref_4_8,1.3,"4,5",-3,0.78745098640111
sample_1_ref_4_8,1.3,"4,6",-3,0.8708521563619711
sample_1_ref_4_8,1.3,"5,6",-3,0.7877527455159402
sample_1_ref_4_8,1.4,"1,2",-3,0.7527965197349488
sample_1_ref_4_8,1.4,"1,3",-3,0.7435050703236262
sample_1_ref_4_8,1.4,"1,4",-3,0.7174232569890945
sample_1_ref_4_8,1.4,"1,5",-3,0.7326186046386066
sample_1_ref_4_8,1.4,"1,6",-3,0.683599836641809
sample_1_ref_4_8,1.4,"2,3",-3,0.6103092822316867
sample_1_ref_4_8,1.4,"2,4",-3,0.7153145770759668
sample_1_ref_4_8,1.4,"2,5",-3,0.6960348127923255
sample_1_ref_4_8,1.4,"2,6",-3,0.7583317267195813
sample_1_ref_4_8,1.4,"3,4",-3,0.6732016464692222
sample_1_ref_4_8,1.4,"3,5",-3,0.7423346830650018
sample_1_ref_4_8,1.4,"3,6",-3,0.7341956146168738
sample_1_ref_4_8,1.4,"4,5",-3,0.7544680821635469
sample_1_ref_4_8,1.4,"4,6",-3,0.756849208302337
sample_1_ref_4_8,1.4,"5,6",-3,0.8236766087713778
sample_1_ref_4_8,1.5,"1,2",-3,0.6249948675496277
sample_1_ref_4_8,1.5,"1,3",-3,0.6898022586446179
sample_1_ref_4_8,1.5,"1,4",-3,0.7331603690104559
sample_1_ref_4_8,1.5,"1,5",-3,0.7130840620607914
sample_1_ref_4_8,1.5,"1,6",-3,0.7162669574052714
sample_1_ref_4_8,1.5,"2,3",-3,0.7870550920854343
sample_1_ref_4_8,1.5,"2,4",-3,0.7915333380743259
sample_1_ref_4_8,1.5,"2,5",-3,0.7514806282902872
sample_1_ref_4_8,1.5,"2,6",-3,0.8453488194690455
sample_1_ref_4_8,1.5,"3,4",-3,0.8219201342314232
sample_1_ref_4_8,1.5,"3,5",-3,0.8267226422104341
sample_1_ref_4_8,1.5,"3,6",-3,0.820249561516209
sample_1_ref_4_8,1.5,"4,5",-3,0.7522121989636116
sample_1_ref_4_8,1.5,"4,6",-3,0.7971623522724628
sample_1_ref_4_8,1.5,"5,6",-3,0.8705324386965351
sample_1_ref_4_8,1.6,"1,2",-3,0.7561042911799206
sample_1_ref_4_8,1.6,"1,3",-3,0.6609255307177264
sample_1_ref_4_8,1.6,"1,4",-3,0.8197388754983056
sample_1_ref_4_8,1.6,"1,5",-3,0.7817714730109743
sample_1_ref_4_8,1.6,"1,6",-3,0.7792020153162522
sample_1_ref_4_8,1.6,"2,3",-3,0.7717011803764205
sample_1_ref_4_8,1.6,"2,4",-3,0.6294373033430872
sample_1_ref_4_8,1.6,"2,5",-3,0.8331862650410186
sample_1_ref_4_8,1.6,"2,6",-3,0.7094700912425599
sample_1_ref_4_8,1.6,"3,4",-3,0.8170180619970474
sample_1_ref_4_8,1.6,"3,5",-3,0.7851190277506922
sample_1_ref_4_8,1.6,"3,6",-3,0.7712685514460024
sample_1_ref_4_8,1.6,"4,5",-3,0.8204189561299591
sample_1_ref_4_8,1.6,"4,6",-3,0.8251645852283617
sample_1_ref_4_8,1.6,"5,6",-3,0.8054236874544695
sample_1_ref_4_8,1.7,"1,2",-3,0.782860604690426
sample_1_ref_4_8,1.7,"1,3",-3,0.7552191505693446
sample_1_ref_4_8,1.7,"1,4",-3,0.7943148430358203
sample_1_ref_4_8,1.7,"1,5",-3,0.8142571650967022
sample_1_ref_4_8,1.7,"1,6",-3,0.7880485323740514
sample_1_ref_4_8,1.7,"2,3",-3,0.7927602259335099
sample_1_ref_4_8,1.7,"2,4",-3,0.7791630016805209
sample_1_ref_4_8,1.7,"2,5",-3,0.7764952689161161
sample_1_ref_4_8,1.7,"2,6",-3,0.7671182097772143
sample_1_ref_4_8,1.7,"3,4",-3,0.863030973301836
sample_1_ref_4_8,1.7,"3,5",-3,0.8619706030064362
sample_1_ref_4_8,1.7,"3,6",-3,0.8268138478393543
sample_1_ref_4_8,1.7,"4,5",-3,0.8136386812893919
sample_1_ref_4_8,1.7,"4,6",-3,0.865422293135996
sample_1_ref_4_8,1.7,"5,6",-3,0.8493617218649142
sample_1_ref_4_8,1.8,"1,2",-3,0.5237734947544728
sample_1_ref_4_8,1.8,"1,3",-3,0.8423061518557741
sample_1_ref_4_8,1.8,"1,4",-3,0.7135120196107644
sample_1_ref_4_8,1.8,"1,5",-3,0.7533970838853047
sample_1_ref_4_8,1.8,"1,6",-3,0.783520418952982
sample_1_ref_4_8,1.8,"2,3",-3,0.7597444525656506
sample_1_ref_4_8,1.8,"2,4",-3,0.8284159915424306
sample_1_ref_4_8,1.8,"2,5",-3,0.8270653418145134
sample_1_ref_4_8,1.8,"2,6",-3,0.861047665698449
sample_1_ref_4_8,1.8,"3,4",-3,0.8224838806659401
sample_1_ref_4_8,1.8,"3,5",-3,0.7428398090596736
sample_1_ref_4_8,1.8,"3,6",-3,0.7632351431238422
sample_1_ref_4_8,1.8,"4,5",-3,0.8055350198839324
sample_1_ref_4_8,1.8,"4,6",-3,0.7658096195293296
sample_1_ref_4_8,1.8,"5,6",-3,0.76755302078199
sample_1_ref_4_8,1.9,"1,2",-3,0.746574861919082
sample_1_ref_4_8,1.9,"1,3",-3,0.6949080981268356
sample_1_ref_4_8,1.9,"1,4",-3,0.8278985975340025
sample_1_ref_4_8,1.9,"1,5",-3,0.7672340264664707
sample_1_ref_4_8,1.9,"1,6",-3,0.8210514689466447
sample_1_ref_4_8,1.9,"2,3",-3,0.7901800634874584
sample_1_ref_4_8,1.9,"2,4",-3,0.7707319191878556
sample_1_ref_4_8,1.9,"2,5",-3,0.7694630062560304
sample_1_ref_4_8,1.9,"2,6",-3,0.7790118694192041
sample_1_ref_4_8,1.9,"3,4",-3,0.7656949020926811
sample_1_ref_4_8,1.9,"3,5",-3,0.8487324160070789
sample_1_ref_4_8,1.9,"3,6",-3,0.7719186553161894
sample_1_ref_4_8,1.9,"4,5",-3,0.808152747914771
sample_1_ref_4_8,1.9,"4,6",-3,0.8261967274793193
sample_1_ref_4_8,1.9,"5,6",-3,0.8619382623448354
sample_1_ref_4_8,2.0,"1,2",-3,0.49564613378901984
sample_1_ref_4_8,2.0,"1,3",-3,0.7483151613568815
sample_1_ref_4_8,2.0,"1,4",-3,0.7132972750061437
sample_1_ref_4_8,2.0,"1,5",-3,0.7741384873585396
sample_1_ref_4_8,2.0,"1,6",-3,0.764379513378866
sample_1_ref_4_8,2.0,"2,3",-3,0.7955606337980077
sample_1_ref_4_8,2.0,"2,4",-3,0.651455833176725
sample_1_ref_4_8,2.0,"2,5",-3,0.7893058056127605
sample_1_ref_4_8,2.0,"2,6",-3,0.8138953316090503
sample_1_ref_4_8,2.0,"3,4",-3,0.7369160289630278
sample_1_ref_4_8,2.0,"3,5",-3,0.8133823606779528
sample_1_ref_4_8,2.0,"3,6",-3,0.8240991157463575
sample_1_ref_4_8,2.0,"4,5",-3,0.7016774800650126
sample_1_ref_4_8,2.0,"4,6",-3,0.8121513685180599
sample_1_ref_4_8,2.0,"5,6",-3,0.8597581752638898
sample_1_ref_4_8,2.1,"1,2",-3,0.5225790585648685
sample_1_ref_4_8,2.1,"1,3",-3,0.7433446731835884
sample_1_ref_4_8,2.1,"1,4",-3,0.7861604899801947
sample_1_ref_4_8,2.1,"1,5",-3,0.8528006280254039
sample_1_ref_4_8,2.1,"1,6",-3,0.8328287930700166
sample_1_ref_4_8,2.1,"2,3",-3,0.8394831401222903
sample_1_ref_4_8,2.1,"2,4",-3,0.816912199345451
sample_1_ref_4_8,2.1,"2,5",-3,0.8222566367713576
sample_1_ref_4_8,2.1,"2,6",-3,0.8630646640482833
sample_1_ref_4_8,2.1,"3,4",-3,0.8504360897516833
sample_1_ref_4_8,2.1,"3,5",-3,0.7378009325439239
sample_1_ref_4_8,2.1,"3,6",-3,0.8023037718711186
sample_1_ref_4_8,2.1,"4,5",-3,0.7923510618145962
sample_1_ref_4_8,2.1,"4,6",-3,0.7995657751484229
sample_1_ref_4_8,2.1,"5,6",-3,0.81954569196083
sample_1_ref_4_8,2.2,"1,2",-3,0.6470066216203911
sample_1_ref_4_8,2.2,"1,3",-3,0.642260870677779
sample_1_ref_4_8,2.2,"1,4",-3,0.714774889365082
sample_1_ref_4_8,2.2,"1,5",-3,0.6994322985680477
sample_1_ref_4_8,2.2,"1,6",-3,0.7526767795628018
sample_1_ref_4_8,2.2,"2,3",-3,0.7840011178138663
sample_1_ref_4_8,2.2,"2,4",-3,0.8124456739025296
sample_1_ref_4_8,2.2,"2,5",-3,0.7561572652739602
sample_1_ref_4_8,2.2,"2,6",-3,0.8475156662387535
sample_1_ref_4_8,2.2,"3,4",-3,0.8612830204279517
sample_1_ref_4_8,2.2,"3,5",-3,0.7561249188101756
sample_1_ref_4_8,2.2,"3,6",-3,0.7796730826767195
sample_1_ref_4_8,2.2,"4,5",-3,0.8599103639462137
sample_1_ref_4_8,2.2,"4,6",-3,0.8097597920759544
sample_1_ref_4_8,2.2,"5,6",-3,0.8552597092427989
sample_1_ref_4_8,2.3,"1,2",-3,0.6781145720623464
sample_1_ref_4_8,2.3,"1,3",-3,0.6186953544825339
sample_1_ref_4_8,2.3,"1,4",-3,0.7782645617254768
sample_1_ref_4_8,2.3,"1,5",-3,0.7587381850998782
sample_1_ref_4_8,2.3,"1,6",-3,0.7561825731913542
sample_1_ref_4_8,2.3,"2,3",-3,0.8248768679672619
sample_1_ref_4_8,2.3,"2,4",-3,0.8723555264761196
sample_1_ref_4_8,2.3,"2,5",-3,0.7656334450657045
sample_1_ref_4_8,2.3,"2,6",-3,0.8346107501260048
sample_1_ref_4_8,2.3,"3,4",-3,0.866912533964376
sample_1_ref_4_8,2.3,"3,5",-3,0.827548741477305
sample_1_ref_4_8,2.3,"3,6",-3,0.7826523680235945
sample_1_ref_4_8,2.3,"4,5",-3,0.8192363442085882
sample_1_ref_4_8,2.3,"4,6",-3,0.756175895428181
sample_1_ref_4_8,2.3,"5,6",-3,0.7162351906507579
sample_1_ref_4_8,2.4,"1,2",-3,0.652976953363093
sample_1_ref_4_8,2.4,"1,3",-3,0.7557304779190804
sample_1_ref_4_8,2.4,"1,4",-3,0.8805440997280156
sample_1_ref_4_8,2.4,"1,5",-3,0.8253234362967028
sample_1_ref_4_8,2.4,"1,6",-3,0.7545586005083431
sample_1_ref_4_8,2.4,"2,3",-3,0.8212836422844991
sample_1_ref_4_8,2.4,"2,4",-3,0.7950060762915805
sample_1_ref_4_8,2.4,"2,5",-3,0.8158853942198232
sample_1_ref_4_8,2.4,"2,6",-3,0.8545506511409431
sample_1_ref_4_8,2.4,"3,4",-3,0.7957988385425572
sample_1_ref_4_8,2.4,"3,5",-3,0.8795258289928434
sample_1_ref_4_8,2.4,"3,6",-3,0.8309108955521249
sample_1_ref_4_8,2.4,"4,5",-3,0.8080118506043037
sample_1_ref_4_8,2.4,"4,6",-3,0.7869930112782183
sample_1_ref_4_8,2.4,"5,6",-3,0.7651237722211278
sample_1_ref_4_8,2.5,"1,2",-3,0.7579549341964014
sample_1_ref_4_8,2.5,"1,3",-3,0.7604314579558281
sample_1_ref_4_8,2.5,"1,4",-3,0.8378274590914807
sample_1_ref_4_8,2.5,"1,5",-3,0.8529277743534901
sample_1_ref_4_8,2.5,"1,6",-3,0.8041642577854847
sample_1_ref_4_8,2.5,"2,3",-3,0.8529622713196081
sample_1_ref_4_8,2.5,"2,4",-3,0.8207754828858445
sample_1_ref_4_8,2.5,"2,5",-3,0.7675859709816809
sample_1_ref_4_8,2.5,"2,6",-3,0.7702875365591767
sample_1_ref_4_8,2.5,"3,4",-3,0.8308461907544805
sample_1_ref_4_8,2.5,"3,5",-3,0.8542131574780034
sample_1_ref_4_8,2.5,"3,6",-3,0.8320552609621944
sample_1_ref_4_8,2.5,"4,5",-3,0.7687932408010252
sample_1_ref_4_8,2.5,"4,6",-3,0.7963855102389575
sample_1_ref_4_8,2.5,"5,6",-3,0.8305103952254638
sample_1_ref_4_8,2.6,"1,2",-3,0.5888929622836019
sample_1_ref_4_8,2.6,"1,3",-3,0.5787848114303337
sample_1_ref_4_8,2.6,"1,4",-3,0.7138405083459816
sample_1_ref_4_8,2.6,"1,5",-3,0.726315898234217
sample_1_ref_4_8,2.6,"1,6",-3,0.6800683125448819
sample_1_ref_4_8,2.6,"2,3",-3,0.6123671636120724
sample_1_ref_4_8,2.6,"2,4",-3,0.751597683375067
sample_1_ref_4_8,2.6,"2,5",-3,0.7927255350874841
sample_1_ref_4_8,2.6,"2,6",-3,0.7831936188646581
sample_1_ref_4_8,2.6,"3,4",-3,0.810073312756176
sample_1_ref_4_8,2.6,"3,5",-3,0.7684949988460996
sample_1_ref_4_8,2.6,"3,6",-3,0.8112092771454443
sample_1_ref_4_8,2.6,"4,5",-3,0.7996112015011411
sample_1_ref_4_8,2.6,"4,6",-3,0.839887171621592
sample_1_ref_4_8,2.6,"5,6",-3,0.8563149499674518
sample_1_ref_4_8,2.7,"1,2",-3,0.7450184196473421
sample_1_ref_4_8,2.7,"1,3",-3,0.7193672531799838
sample_1_ref_4_8,2.7,"1,4",-3,0.8469106768092178
sample_1_ref_4_8,2.7,"1,5",-3,0.7360277161461543
sample_1_ref_4_8,2.7,"1,6",-3,0.8011524316403849
sample_1_ref_4_8,2.7,"2,3",-3,0.8413304174452038
sample_1_ref_4_8,2.7,"2,4",-3,0.7561206693255099
sample_1_ref_4_8,2.7,"2,5",-3,0.7164688407612646
sample_1_ref_4_8,2.7,"2,6",-3,0.8854042102361162
sample_1_ref_4_8,2.7,"3,4",-3,0.7642095849242156
sample_1_ref_4_8,2.7,"3,5",-3,0.8025023470785403
sample_1_ref_4_8,2.7,"3,6",-3,0.8613543480086953
sample_1_ref_4_8,2.7,"4,5",-3,0.8531581497079854
sample_1_ref_4_8,2.7,"4,6",-3,0.818075400496288
sample_1_ref_4_8,2.7,"5,6",-3,0.8180595992825795
sample_1_ref_4_8,2.8,"1,2",-3,0.6211433032506056
sample_1_ref_4_8,2.8,"1,3",-3,0.799982399326771
sample_1_ref_4_8,2.8,"1,4",-3,0.6911310963513821
sample_1_ref_4_8,2.8,"1,5",-3,0.7761580370752494
sample_1_ref_4_8,2.8,"1,6",-3,0.8115547969373851
sample_1_ref_4_8,2.8,"2,3",-3,0.6691203192594141
sample_1_ref_4_8,2.8,"2,4",-3,0.7604515353333292
sample_1_ref_4_8,2.8,"2,5",-3,0.8661933651396436
sample_1_ref_4_8,2.8,"2,6",-3,0.852988869144637
sample_1_ref_4_8,2.8,"3,4",-3,0.7931112598002947
sample_1_ref_4_8,2.8,"3,5",-3,0.7428472519574927
sample_1_ref_4_8,2.8,"3,6",-3,0.7838676266065308
sample_1_ref_4_8,2.8,"4,5",-3,0.8020787227168088
sample_1_ref_4_8,2.8,"4,6",-3,0.813577173024388
sample_1_ref_4_8,2.8,"5,6",-3,0.8404088650983728
sample_1_ref_4_8,2.9,"1,2",-3,0.7189552604238129
sample_1_ref_4_8,2.9,"1,3",-3,0.7395996183149353
sample_1_ref_4_8,2.9,"1,4",-3,0.7463599410050641
sample_1_ref_4_8,2.9,"1,5",-3,0.7827838185103929
sample_1_ref_4_8,2.9,"1,6",-3,0.7991851828622069
sample_1_ref_4_8,2.9,"2,3",-3,0.8389010421788037
sample_1_ref_4_8,2.9,"2,4",-3,0.7358168782368579
sample_1_ref_4_8,2.9,"2,5",-3,0.7821550172328213
sample_1_ref_4_8,2.9,"2,6",-3,0.829917885495835
sample_1_ref_4_8,2.9,"3,4",-3,0.7886759468252763
sample_1_ref_4_8,2.9,"3,5",-3,0.7621815404039427
sample_1_ref_4_8,2.9,"3,6",-3,0.7725183010977569
sample_1_ref_4_8,2.9,"4,5",-3,0.7459326605701061
sample_1_ref_4_8,2.9,"4,6",-3,0.7478057256349042
sample_1_ref_4_8,2.9,"5,6",-3,0.7268801070421295
sample_1_ref_4_8,3.0,"1,2",-3,0.6469794196567991
sample_1_ref_4_8,3.0,"1,3",-3,0.7940797361932653
sample_1_ref_4_8,3.0,"1,4",-3,0.7766113421972517
sample_1_ref_4_8,3.0,"1,5",-3,0.8460464601128267
sample_1_ref_4_8,3.0,"1,6",-3,0.8176481731852141
sample_1_ref_4_8,3.0,"2,3",-3,0.7420447978319537
sample_1_ref_4_8,3.0,"2,4",-3,0.7960144775538293
sample_1_ref_4_8,3.0,"2,5",-3,0.8236614688075429
sample_1_ref_4_8,3.0,"2,6",-3,0.832115582969404
sample_1_ref_4_8,3.0,"3,4",-3,0.8282424324576708
sample_1_ref_4_8,3.0,"3,5",-3,0.7880763267027877
sample_1_ref_4_8,3.0,"3,6",-3,0.8678882663373055
sample_1_ref_4_8,3.0,"4,5",-3,0.8644097092968909
sample_1_ref_4_8,3.0,"4,6",-3,0.8826363349650465
sample_1_ref_4_8,3.0,"5,6",-3,0.8303720615911174
sample_1_ref_4_8,3.1,"1,2",-3,0.5551561872362296
sample_1_ref_4_8,3.1,"1,3",-3,0.7355417534711969
sample_1_ref_4_8,3.1,"1,4",-3,0.7085633949172486
sample_1_ref_4_8,3.1,"1,5",-3,0.7214429914831287
sample_1_ref_4_8,3.1,"1,6",-3,0.7093150093501245
sample_1_ref_4_8,3.1,"2,3",-3,0.8534227472274054
sample_1_ref_4_8,3.1,"2,4",-3,0.8715806381514367
sample_1_ref_4_8,3.1,"2,5",-3,0.7703322708227515
sample_1_ref_4_8,3.1,"2,6",-3,0.8517338857142108
sample_1_ref_4_8,3.1,"3,4",-3,0.825626829813196
sample_1_ref_4_8,3.1,"3,5",-3,0.7863790034129365
sample_1_ref_4_8,3.1,"3,6",-3,0.839388738004945
sample_1_ref_4_8,3.1,"4,5",-3,0.826441935442077
sample_1_ref_4_8,3.1,"4,6",-3,0.8088512792338752
sample_1_ref_4_8,3.1,"5,6",-3,0.786949420792626
sample_1_ref_4_8,3.2,"1,2",-3,0.660002853716583
sample_1_ref_4_8,3.2,"1,3",-3,0.7193233321671024
sample_1_ref_4_8,3.2,"1,4",-3,0.7490957930701589
sample_1_ref_4_8,3.2,"1,5",-3,0.7657934852680074
sample_1_ref_4_8,3.2,"1,6",-3,0.7595893512028692
sample_1_ref_4_8,3.2,"2,3",-3,0.8176459771265928
sample_1_ref_4_8,3.2,"2,4",-3,0.8294341903692797
sample_1_ref_4_8,3.2,"2,5",-3,0.8464921846968971
sample_1_ref_4_8,3.2,"2,6",-3,0.8722119298781803
sample_1_ref_4_8,3.2,"3,4",-3,0.7959341687411602
sample_1_ref_4_8,3.2,"3,5",-3,0.863310179436057
sample_1_ref_4_8,3.2,"3,6",-3,0.8017024253578355
sample_1_ref_4_8,3.2,"4,5",-3,0.8295264901238494
sample_1_ref_4_8,3.2,"4,6",-3,0.820028887428829
sample_1_ref_4_8,3.2,"5,6",-3,0.7661924025734324
sample_1_ref_4_8,3.3,"1,2",-3,0.6645020105739289
sample_1_ref_4_8,3.3,"1,3",-3,0.828746629639738
sample_1_ref_4_8,3.3,"1,4",-3,0.8206893780391203
sample_1_ref_4_8,3.3,"1,5",-3,0.8745920510949364
sample_1_ref_4_8,3.3,"1,6",-3,0.821237515536579
sample_1_ref_4_8,3.3,"2,3",-3,0.8001917335445632
sample_1_ref_4_8,3.3,"2,4",-3,0.8178951543501723
sample_1_ref_4_8,3.3,"2,5",-3,0.8648639991805716
sample_1_ref_4_8,3.3,"2,6",-3,0.7991868255889686
sample_1_ref_4_8,3.3,"3,4",-3,0.7859485023694536
sample_1_ref_4_8,3.3,"3,5",-3,0.827472469987896
sample_1_ref_4_8,3.3,"3,6",-3,0.7717488394075621
sample_1_ref_4_8,3.3,"4,5",-3,0.6986237887413332
sample_1_ref_4_8,3.3,"4,6",-3,0.8189471543282861
sample_1_ref_4_8,3.3,"5,6",-3,0.8749049587590538
sample_1_ref_4_8,3.4,"1,2",-3,0.7797508638338198
sample_1_ref_4_8,3.4,"1,3",-3,0.7530053231133826
sample_1_ref_4_8,3.4,"1,4",-3,0.7969243902877481
sample_1_ref_4_8,3.4,"1,5",-3,0.8072765369349518
sample_1_ref_4_8,3.4,"1,6",-3,0.7985941949338716
sample_1_ref_4_8,3.4,"2,3",-3,0.7746129703396243
sample_1_ref_4_8,3.4,"2,4",-3,0.8506137568099265
sample_1_ref_4_8,3.4,"2,5",-3,0.7706260510536672
sample_1_ref_4_8,3.4,"2,6",-3,0.7404422673852876
sample_1_ref_4_8,3.4,"3,4",-3,0.8148685015257715
sample_1_ref_4_8,3.4,"3,5",-3,0.803956986483872
sample_1_ref_4_8,3.4,"3,6",-3,0.8540357023545512
sample_1_ref_4_8,3.4,"4,5",-3,0.8366505311503464
sample_1_ref_4_8,3.4,"4,6",-3,0.8747944281574876
sample_1_ref_4_8,3.4,"5,6",-3,0.8323221514792362
sample_1_ref_4_8,3.5,"1,2",-3,0.6582560114580219
sample_1_ref_4_8,3.5,"1,3",-3,0.816049832455008
sample_1_ref_4_8,3.5,"1,4",-3,0.8156485962016584
sample_1_ref_4_8,3.5,"1,5",-3,0.7931756464342256
sample_1_ref_4_8,3.5,"1,6",-3,0.8606517140885142
sample_1_ref_4_8,3.5,"2,3",-3,0.8741928101229527
sample_1_ref_4_8,3.5,"2,4",-3,0.8259523820644005
sample_1_ref_4_8,3.5,"2,5",-3,0.8771921194983434
sample_1_ref_4_8,3.5,"2,6",-3,0.8443066338337794
sample_1_ref_4_8,3.5,"3,4",-3,0.7878066912213029
sample_1_ref_4_8,3.5,"3,5",-3,0.8404491591895172
sample_1_ref_4_8,3.5,"3,6",-3,0.7735367654724392
sample_1_ref_4_8,3.5,"4,5",-3,0.785864461770784
sample_1_ref_4_8,3.5,"4,6",-3,0.7745689596730583
sample_1_ref_4_8,3.5,"5,6",-3,0.831230292953822
sample_1_ref_4_8,3.6,"1,2",-3,0.8606051575878171
sample_1_ref_4_8,3.6,"1,3",-3,0.7720131037379927
sample_1_ref_4_8,3.6,"1,4",-3,0.6971714360482141
sample_1_ref_4_8,3.6,"1,5",-3,0.8381854392676126
sample_1_ref_4_8,3.6,"1,6",-3,0.8385925504914261
sample_1_ref_4_8,3.6,"2,3",-3,0.6959008300701969
sample_1_ref_4_8,3.6,"2,4",-3,0.7589771264857252
sample_1_ref_4_8,3.6,"2,5",-3,0.7627940630127314
sample_1_ref_4_8,3.6,"2,6",-3,0.8281775145630217
sample_1_ref_4_8,3.6,"3,4",-3,0.7774637064154045
sample_1_ref_4_8,3.6,"3,5",-3,0.796319128958396
sample_1_ref_4_8,3.6,"3,6",-3,0.7911516272348081
sample_1_ref_4_8,3.6,"4,5",-3,0.8182378577081425
sample_1_ref_4_8,3.6,"4,6",-3,0.8460090211179002
sample_1_ref_4_8,3.6,"5,6",-3,0.7819929773735808
sample_1_ref_4_8,3.7,"1,2",-3,0.7367889810174162
sample_1_ref_4_8,3.7,"1,3",-3,0.8243318560724997
sample_1_ref_4_8,3.7,"1,4",-3,0.7749968336125883
sample_1_ref_4_8,3.7,"1,5",-3,0.8145899498761136
sample_1_ref_4_8,3.7,"1,6",-3,0.7956999489318837
sample_1_ref_4_8,3.7,"2,3",-3,0.6939473938741377
sample_1_ref_4_8,3.7,"2,4",-3,0.764305356793346
sample_1_ref_4_8,3.7,"2,5",-3,0.8117516740461039
sample_1_ref_4_8,3.7,"2,6",-3,0.7794669738379976
sample_1_ref_4_8,3.7,"3,4",-3,0.8598346565741113
sample_1_ref_4_8,3.7,"3,5",-3,0.8028299612930531
sample_1_ref_4_8,3.7,"3,6",-3,0.8455482807636985
sample_1_ref_4_8,3.7,"4,5",-3,0.8586555612263325
sample_1_ref_4_8,3.7,"4,6",-3,0.7956184929580387
sample_1_ref_4_8,3.7,"5,6",-3,0.8564806691993118
sample_1_ref_4_8,3.8,"1,2",-3,0.7636825955612244
sample_1_ref_4_8,3.8,"1,3",-3,0.7729543891176055
sample_1_ref_4_8,3.8,"1,4",-3,0.8353492849269971
sample_1_ref_4_8,3.8,"1,5",-3,0.8302551193523189
sample_1_ref_4_8,3.8,"1,6",-3,0.8326266385019213
sample_1_ref_4_8,3.8,"2,3",-3,0.7929886809836117
sample_1_ref_4_8,3.8,"2,4",-3,0.8160482580380479
sample_1_ref_4_8,3.8,"2,5",-3,0.822114246068522
sample_1_ref_4_8,3.8,"2,6",-3,0.8598450207641187
sample_1_ref_4_8,3.8,"3,4",-3,0.792170251119051
sample_1_ref_4_8,3.8,"3,5",-3,0.859096907807314
sample_1_ref_4_8,3.8,"3,6",-3,0.8564324576454523
sample_1_ref_4_8,3.8,"4,5",-3,0.7064508679800351
sample_1_ref_4_8,3.8,"4,6",-3,0.715276903745283
sample_1_ref_4_8,3.8,"5,6",-3,0.8108661272156823
sample_1_ref_4_8,3.9,"1,2",-3,0.7414135617106499
sample_1_ref_4_8,3.9,"1,3",-3,0.8230771669758825
sample_1_ref_4_8,3.9,"1,4",-3,0.8815593469396841
sample_1_ref_4_8,3.9,"1,5",-3,0.8269132089287705
sample_1_ref_4_8,3.9,"1,6",-3,0.8029589101557827
sample_1_ref_4_8,3.9,"2,3",-3,0.7689385208326016
sample_1_ref_4_8,3.9,"2,4",-3,0.7310983505954703
sample_1_ref_4_8,3.9,"2,5",-3,0.7685120946650686
sample_1_ref_4_8,3.9,"2,6",-3,0.8009646967919524
sample_1_ref_4_8,3.9,"3,4",-3,0.8376202041410273
sample_1_ref_4_8,3.9,"3,5",-3,0.7791274601877018
sample_1_ref_4_8,3.9,"3,6",-3,0.8599035658744472
sample_1_ref_4_8,3.9,"4,5",-3,0.790224750539838
sample_1_ref_4_8,3.9,"4,6",-3,0.8250155444182651
sample_1_ref_4_8,3.9,"5,6",-3,0.8097041406411225
sample_1_ref_4_8,4.0,"1,2",-3,0.7289130602670836
sample_1_ref_4_8,4.0,"1,3",-3,0.7521899679281111
sample_1_ref_4_8,4.0,"1,4",-3,0.7740396477254186
sample_1_ref_4_8,4.0,"1,5",-3,0.8168378665481527
sample_1_ref_4_8,4.0,"1,6",-3,0.8507307595883784
sample_1_ref_4_8,4.0,"2,3",-3,0.8021353626804341
sample_1_ref_4_8,4.0,"2,4",-3,0.8288719731754473
sample_1_ref_4_8,4.0,"2,5",-3,0.8378934005892293
sample_1_ref_4_8,4.0,"2,6",-3,0.8506794429319845
sample_1_ref_4_8,4.0,"3,4",-3,0.7120663376613524
sample_1_ref_4_8,4.0,"3,5",-3,0.882838171297918
sample_1_ref_4_8,4.0,"3,6",-3,0.8190057342562006
sample_1_ref_4_8,4.0,"4,5",-3,0.8352854273488267
sample_1_ref_4_8,4.0,"4,6",-3,0.8252880692812274
sample_1_ref_4_8,4.0,"5,6",-3,0.8362335716971094
sample_1_ref_4_8,4.1,"1,2",-3,0.7448856378648778
sample_1_ref_4_8,4.1,"1,3",-3,0.7544447144897384
sample_1_ref_4_8,4.1,"1,4",-3,0.7385639228488218
sample_1_ref_4_8,4.1,"1,5",-3,0.7445851931253233
sample_1_ref_4_8,4.1,"1,6",-3,0.8135664197324237
sample_1_ref_4_8,4.1,"2,3",-3,0.7520860569897483
sample_1_ref_4_8,4.1,"2,4",-3,0.7819851384664879
sample_1_ref_4_8,4.1,"2,5",-3,0.7713208966826278
sample_1_ref_4_8,4.1,"2,6",-3,0.8165319765292881
sample_1_ref_4_8,4.1,"3,4",-3,0.7924368212478382
sample_1_ref_4_8,4.1,"3,5",-3,0.8449201759566816
sample_1_ref_4_8,4.1,"3,6",-3,0.7849514145842312
sample_1_ref_4_8,4.1,"4,5",-3,0.8463947325757295
sample_1_ref_4_8,4.1,"4,6",-3,0.8312128021461652
sample_1_ref_4_8,4.1,"5,6",-3,0.8398384184890955
sample_1_ref_4_8,4.2,"1,2",-3,0.8007572178368196
sample_1_ref_4_8,4.2,"1,3",-3,0.7622245310572305
sample_1_ref_4_8,4.2,"1,4",-3,0.7922056738758542
sample_1_ref_4_8,4.2,"1,5",-3,0.8439412728987803
sample_1_ref_4_8,4.2,"1,6",-3,0.7813141869754415
sample_1_ref_4_8,4.2,"2,3",-3,0.7674348691345347
sample_1_ref_4_8,4.2,"2,4",-3,0.8076877661483587
sample_1_ref_4_8,4.2,"2,5",-3,0.7709593618498872
sample_1_ref_4_8,4.2,"2,6",-3,0.8162298835998513
sample_1_ref_4_8,4.2,"3,4",-3,0.7802146384254212
sample_1_ref_4_8,4.2,"3,5",-3,0.7872676721407874
sample_1_ref_4_8,4.2,"3,6",-3,0.7756424949033621
sample_1_ref_4_8,4.2,"4,5",-3,0.8133369682237545
sample_1_ref_4_8,4.2,"4,6",-3,0.8522222546368383
sample_1_ref_4_8,4.2,"5,6",-3,0.8832423802756627
sample_1_ref_4_8,4.3,"1,2",-3,0.7504524915510901
sample_1_ref_4_8,4.3,"1,3",-3,0.68280605823786
sample_1_ref_4_8,4.3,"1,4",-3,0.7330715237991667
sample_1_ref_4_8,4.3,"1,5",-3,0.8192397806449243
sample_1_ref_4_8,4.3,"1,6",-3,0.8043704394937845
sample_1_ref_4_8,4.3,"2,3",-3,0.8196353831319638
sample_1_ref_4_8,4.3,"2,4",-3,0.6738227868234662
sample_1_ref_4_8,4.3,"2,5",-3,0.8614149800371274
sample_1_ref_4_8,4.3,"2,6",-3,0.8447058103672067
sample_1_ref_4_8,4.3,"3,4",-3,0.8006124918682735
sample_1_ref_4_8,4.3,"3,5",-3,0.822600475607483
sample_1_ref_4_8,4.3,"3,6",-3,0.8393809625783659
sample_1_ref_4_8,4.3,"4,5",-3,0.8041370677394223
sample_1_ref_4_8,4.3,"4,6",-3,0.8655335177874734
sample_1_ref_4_8,4.3,"5,6",-3,0.7910758760533629
sample_1_ref_4_8,4.4,"1,2",-3,0.7772843610175302
sample_1_ref_4_8,4.4,"1,3",-3,0.6905066763123917
sample_1_ref_4_8,4.4,"1,4",-3,0.6977978316881849
sample_1_ref_4_8,4.4,"1,5",-3,0.7261564339144774
sample_1_ref_4_8,4.4,"1,6",-3,0.7065177779615033
sample_1_ref_4_8,4.4,"2,3",-3,0.7866817159984398
sample_1_ref_4_8,4.4,"2,4",-3,0.7292703027477427
sample_1_ref_4_8,4.4,"2,5",-3,0.8241830594213536
sample_1_ref_4_8,4.4,"2,6",-3,0.8516811459903791
sample_1_ref_4_8,4.4,"3,4",-3,0.7631333073760558
sample_1_ref_4_8,4.4,"3,5",-3,0.7519295553383771
sample_1_ref_4_8,4.4,"3,6",-3,0.8523399337220818
sample_1_ref_4_8,4.4,"4,5",-3,0.7864626379075957
sample_1_ref_4_8,4.4,"4,6",-3,0.7840125661221445
sample_1_ref_4_8,4.4,"5,6",-3,0.8542530548920948
sample_1_ref_4_8,4.5,"1,2",-3,0.7729017854179455
sample_1_ref_4_8,4.5,"1,3",-3,0.7849193363378362
sample_1_ref_4_8,4.5,"1,4",-3,0.763563367014771
sample_1_ref_4_8,4.5,"1,5",-3,0.8405484358552284
sample_1_ref_4_8,4.5,"1,6",-3,0.8538642290473243
sample_1_ref_4_8,4.5,"2,3",-3,0.6946463867517491
sample_1_ref_4_8,4.5,"2,4",-3,0.7830318131938242
sample_1_ref_4_8,4.5,"2,5",-3,0.7916193362626752
sample_1_ref_4_8,4.5,"2,6",-3,0.8262834501855935
sample_1_ref_4_8,4.5,"3,4",-3,0.8824176086332224
sample_1_ref_4_8,4.5,"3,5",-3,0.8563975268831434
sample_1_ref_4_8,4.5,"3,6",-3,0.7895704028163688
sample_1_ref_4_8,4.5,"4,5",-3,0.8658631537011297
sample_1_ref_4_8,4.5,"4,6",-3,0.8410672575865329
sample_1_ref_4_8,4.5,"5,6",-3,0.8159147922134632
sample_1_ref_4_8,4.6,"1,2",-3,0.7608662328733551
sample_1_ref_4_8,4.6,"1,3",-3,0.7350376003398783
sample_1_ref_4_8,4.6,"1,4",-3,0.856000476436879
sample_1_ref_4_8,4.6,"1,5",-3,0.8410871124080241
sample_1_ref_4_8,4.6,"1,6",-3,0.8665753794668772
sample_1_ref_4_8,4.6,"2,3",-3,0.7610502993473224
sample_1_ref_4_8,4.6,"2,4",-3,0.8561390607436413
sample_1_ref_4_8,4.6,"2,5",-3,0.8436657266462904
sample_1_ref_4_8,4.6,"2,6",-3,0.8106982491570478
sample_1_ref_4_8,4.6,"3,4",-3,0.7905090446239995
sample_1_ref_4_8,4.6,"3,5",-3,0.7886108990995333
sample_1_ref_4_8,4.6,"3,6",-3,0.7565220378396932
sample_1_ref_4_8,4.6,"4,5",-3,0.8000838398984305
sample_1_ref_4_8,4.6,"4,6",-3,0.8731495072473264
sample_1_ref_4_8,4.6,"5,6",-3,0.8073451188711278
sample_1_ref_4_8,4.7,"1,2",-3,0.7883418686898382
sample_1_ref_4_8,4.7,"1,3",-3,0.7081500863264139
sample_1_ref_4_8,4.7,"1,4",-3,0.5984042681936855
sample_1_ref_4_8,4.7,"1,5",-3,0.634844465373092
sample_1_ref_4_8,4.7,"1,6",-3,0.5201528633186069
sample_1_ref_4_8,4.7,"2,3",-3,0.7892751743033379
sample_1_ref_4_8,4.7,"2,4",-3,0.828647102353661
sample_1_ref_4_8,4.7,"2,5",-3,0.7588499673684734
sample_1_ref_4_8,4.7,"2,6",-3,0.835542689948545
sample_1_ref_4_8,4.7,"3,4",-3,0.7132192211593648
sample_1_ref_4_8,4.7,"3,5",-3,0.8734391022633542
sample_1_ref_4_8,4.7,"3,6",-3,0.8341404574909869
sample_1_ref_4_8,4.7,"4,5",-3,0.7627693586031823
sample_1_ref_4_8,4.7,"4,6",-3,0.8287352640786676
sample_1_ref_4_8,4.7,"5,6",-3,0.7912098236203448
sample_1_ref_4_8,4.8,"1,2",-3,0.777398870125825
sample_1_ref_4_8,4.8,"1,3",-3,0.7466681648522584
sample_1_ref_4_8,4.8,"1,4",-3,0.8154114634149331
sample_1_ref_4_8,4.8,"1,5",-3,0.7797946579871591
sample_1_ref_4_8,4.8,"1,6",-3,0.8217309763742975
sample_1_ref_4_8,4.8,"2,3",-3,0.7643082517024743
sample_1_ref_4_8,4.8,"2,4",-3,0.7057950988808563
sample_1_ref_4_8,4.8,"2,5",-3,0.7243667723884576
sample_1_ref_4_8,4.8,"2,6",-3,0.6958464716636407
sample_1_ref_4_8,4.8,"3,4",-3,0.763847378545903
sample_1_ref_4_8,4.8,"3,5",-3,0.8057785940571557
sample_1_ref_4_8,4.8,"3,6",-3,0.8569839542398434
sample_1_ref_4_8,4.8,"4,5",-3,0.776095888529589
sample_1_ref_4_8,4.8,"4,6",-3,0.7793813177859649
sample_1_ref_4_8,4.8,"5,6",-3,0.833839835612913
sample_1_ref_4_8,4.9,"1,2",-3,0.7712639526162415
sample_1_ref_4_8,4.9,"1,3",-3,0.7214664778737696
sample_1_ref_4_8,4.9,"1,4",-3,0.7857428519076642
sample_1_ref_4_8,4.9,"1,5",-3,0.7546579034263657
sample_1_ref_4_8,4.9,"1,6",-3,0.737429262236951
sample_1_ref_4_8,4.9,"2,3",-3,0.7970746384797616
sample_1_ref_4_8,4.9,"2,4",-3,0.7590466959302
sample_1_ref_4_8,4.9,"2,5",-3,0.8586083420836893
sample_1_ref_4_8,4.9,"2,6",-3,0.8258175303442514
sample_1_ref_4_8,4.9,"3,4",-3,0.7652750629417053
sample_1_ref_4_8,4.9,"3,5",-3,0.7311119992159698
sample_1_ref_4_8,4.9,"3,6",-3,0.715298729760835
sample_1_ref_4_8,4.9,"4,5",-3,0.8578435084068665
sample_1_ref_4_8,4.9,"4,6",-3,0.7603593343757503
sample_1_ref_4_8,4.9,"5,6",-3,0.8528504784759432
sample_1_ref_4_8,5.0,"1,2",-3,0.6168275117824522
sample_1_ref_4_8,5.0,"1,3",-3,0.8228561364296704
sample_1_ref_4_8,5.0,"1,4",-3,0.7742471468707648
sample_1_ref_4_8,5.0,"1,5",-3,0.8137516597429727
sample_1_ref_4_8,5.0,"1,6",-3,0.7980939284831069
sample_1_ref_4_8,5.0,"2,3",-3,0.8126691920387178
sample_1_ref_4_8,5.0,"2,4",-3,0.7334239213482133
sample_1_ref_4_8,5.0,"2,5",-3,0.7609704927657923
sample_1_ref_4_8,5.0,"2,6",-3,0.7716259897745442
sample_1_ref_4_8,5.0,"3,4",-3,0.8099920445324601
sample_1_ref_4_8,5.0,"3,5",-3,0.8194065888528899
sample_1_ref_4_8,5.0,"3,6",-3,0.7478468407947821
sample_1_ref_4_8,5.0,"4,5",-3,0.8267376799004538
sample_1_ref_4_8,5.0,"4,6",-3,0.8728049729714364
sample_1_ref_4_8,5.0,"5,6",-3,0.8390170591341086
